10000.0 0.1816162448654114
20000.0 0.3111432627511711
30000.0 0.431112404160229
40000.0 0.5459195161832356
50000.0 0.6576928193745134
60000.0 0.7665077344968629
70000.0 0.874646584158232
80000.0 0.982731588345779
90000.0 1.0895258783759196
100000.0 1.1947979259890154
110000.0 1.29993415631275
120000.0 1.404221174359284
130000.0 1.5069005011820453
140000.0 1.6091991446149991
150000.0 1.7119271343130404
160000.0 1.8136982632979286
170000.0 1.9150327415176154
180000.0 2.0153662533615173
190000.0 2.115738713636551
200000.0 2.215607759945846
210000.0 2.3158622066306225
220000.0 2.416019783477757
230000.0 2.516341852660501
240000.0 2.6166472236539806
250000.0 2.716668792452712
260000.0 2.816115446103211
270000.0 2.9146720456113115
280000.0 3.011475963731443
290000.0 3.1090575295708285
300000.0 3.2064634678186685
310000.0 3.3031978961160116
320000.0 3.399155919574459
330000.0 3.495358489182201
340000.0 3.5916472463589955
350000.0 3.687844643975363
360000.0 3.7844643758763072
370000.0 3.8800077216112
380000.0 3.975899811914037
390000.0 4.071345959378534
400000.0 4.165846705690522
410000.0 4.260493027587331
420000.0 4.354087998708934
430000.0 4.4470728439512115
440000.0 4.540889732687236
450000.0 4.634931130027859
460000.0 4.728567203588006
470000.0 4.82194591627513
480000.0 4.915401875623468
490000.0 5.009067502695961
500000.0 5.10267438652024
510000.0 5.196065831133233
520000.0 5.289467986398146
530000.0 5.383396048057759
540000.0 5.477181387116422
550000.0 5.570345509319471
560000.0 5.663121919637187
570000.0 5.755651178072988
580000.0 5.848574106995963
590000.0 5.9409893908445515
600000.0 6.034043543619035
610000.0 6.127119428673544
620000.0 6.219516436823343
630000.0 6.3113505954685385
640000.0 6.403262683522128
650000.0 6.493605796523252
660000.0 6.583673156705913
670000.0 6.67400308007997
680000.0 6.763550839323012
690000.0 6.853292127472242
700000.0 6.9426473653955085
710000.0 7.031530622568276
720000.0 7.120556634211648
730000.0 7.208430596369489
740000.0 7.296074558015868
750000.0 7.3840895110649765
760000.0 7.471268273037676
770000.0 7.558338593105707
780000.0 7.645274337810572
790000.0 7.732184066242204
800000.0 7.818172269952882
810000.0 7.904330812156597
820000.0 7.990131078818066
830000.0 8.075023640243256
840000.0 8.159709118842072
850000.0 8.243922604724359
860000.0 8.328319044144118
870000.0 8.413314187134283
880000.0 8.498339623550116
890000.0 8.583538741073948
900000.0 8.667954988953948
910000.0 8.75152586357186
920000.0 8.835164965224223
930000.0 8.917626985784192
940000.0 9.000411360942035
950000.0 9.082661740703681
960000.0 9.16554645123955
970000.0 9.247603388592594
980000.0 9.330420880682514
990000.0 9.413131368640993
1000000.0 9.497220359576296
1010000.0 9.58158268681055
1020000.0 9.666102859435709
1030000.0 9.749665460179612
1040000.0 9.833953241082815
1050000.0 9.918143290687281
1060000.0 10.001649192778416
1070000.0 10.084802451418529
1080000.0 10.168619705002188
1090000.0 10.251553140695878
1100000.0 10.333151441405791
1110000.0 10.414577172165057
1120000.0 10.49660409049091
1130000.0 10.578615610996435
1140000.0 10.660143610553849
1150000.0 10.741747892210268
1160000.0 10.823845638939897
1170000.0 10.905302462743219
1180000.0 10.986544204631784
1190000.0 11.068502792068102
1200000.0 11.14999371525287
1210000.0 11.231606241074255
1220000.0 11.312959008687661
1230000.0 11.394216994021015
1240000.0 11.475780533374147
1250000.0 11.556818203639594
1260000.0 11.638217264758033
1270000.0 11.718545790302631
1280000.0 11.79925085291638
1290000.0 11.87917709748509
1300000.0 11.958055585711877
1310000.0 12.03718573438692
1320000.0 12.116180783389263
1330000.0 12.195482696820639
1340000.0 12.275230275603366
1350000.0 12.354001878537623
1360000.0 12.433579503332124
1370000.0 12.512665270145561
1380000.0 12.591378477346126
1390000.0 12.670367449540084
1400000.0 12.748580041605424
1410000.0 12.827262332114886
1420000.0 12.905426689100443
1430000.0 12.983676839442925
1440000.0 13.061748245626006
1450000.0 13.140139846348518
1460000.0 13.218193174978543
1470000.0 13.296238271062093
1480000.0 13.374717732160342
1490000.0 13.454114332193095
1500000.0 13.532432885798599
1510000.0 13.611496294546454
1520000.0 13.689652801339205
1530000.0 13.767792457026534
1540000.0 13.846636911654226
1550000.0 13.925805561763877
1560000.0 14.004886240526375
1570000.0 14.083789399077835
1580000.0 14.162198600379364
1590000.0 14.240663450246178
1600000.0 14.317656412944181
1610000.0 14.395054077806627
1620000.0 14.47184891130056
1630000.0 14.548831471132218
1640000.0 14.626058513642324
1650000.0 14.702803031085573
1660000.0 14.780323687432295
1670000.0 14.857345312503806
1680000.0 14.933964368629084
1690000.0 15.010637506168187
1700000.0 15.08727451786065
1710000.0 15.164619472185016
1720000.0 15.241310862735187
1730000.0 15.318720977149408
1740000.0 15.396109702155645
1750000.0 15.473262168130237
1760000.0 15.550570224633734
1770000.0 15.62782006607516
1780000.0 15.70631547938775
1790000.0 15.784428221311051
1800000.0 15.86267579790746
1810000.0 15.93995573042825
1820000.0 16.01717579035678
1830000.0 16.094516073107584
1840000.0 16.171379116992526
1850000.0 16.24903265598737
1860000.0 16.3270288798482
1870000.0 16.404070913788818
1880000.0 16.482114771898065
1890000.0 16.559723631964367
1900000.0 16.637922179543498
1910000.0 16.715264352346296
1920000.0 16.791946866381952
1930000.0 16.869701312162416
1940000.0 16.947118251952265
1950000.0 17.02418150793389
1960000.0 17.10141065971644
1970000.0 17.17767229172521
1980000.0 17.25339476472504
1990000.0 17.32898525866785
2000000.0 17.40468698029958
2010000.0 17.480379535075674
2020000.0 17.555239509599648
2030000.0 17.63116400373279
2040000.0 17.706497017632135
2050000.0 17.78172436497106
2060000.0 17.857844381311203
2070000.0 17.933762160351296
2080000.0 18.01030761526475
2090000.0 18.08552201902738
2100000.0 18.15942779540742
2110000.0 18.233815750257712
2120000.0 18.308376453426686
2130000.0 18.383951500100203
2140000.0 18.459983556242584
2150000.0 18.534681727359473
2160000.0 18.6094786242718
2170000.0 18.68551160404763
2180000.0 18.76154492759173
2190000.0 18.837552512440215
2200000.0 18.913536304912988
2210000.0 18.9884589161781
2220000.0 19.064175053456918
2230000.0 19.140472730303596
2240000.0 19.21699262040812
2250000.0 19.293809493256195
2260000.0 19.369694400274053
2270000.0 19.44507751411694
2280000.0 19.518699354835995
2290000.0 19.592223762149906
2300000.0 19.665663301120144
2310000.0 19.739621755603366
2320000.0 19.81328207191698
2330000.0 19.886378574753415
2340000.0 19.959746695481183
2350000.0 20.033628544763225
2360000.0 20.106765841710025
2370000.0 20.179355874227905
2380000.0 20.252092622517246
2390000.0 20.32464922233542
2400000.0 20.397439237216684
2410000.0 20.468857050038356
2420000.0 20.540545331433446
2430000.0 20.61172510054887
2440000.0 20.68335155141325
2450000.0 20.754490411495624
2460000.0 20.825320783148353
2470000.0 20.896059968003605
2480000.0 20.96661270958889
2490000.0 21.03662251289372
2500000.0 21.106812966938534
2510000.0 21.17679793879259
2520000.0 21.246484969485227
2530000.0 21.31592336674207
2540000.0 21.385258807142765
2550000.0 21.454264051130888
2560000.0 21.52383932776354
2570000.0 21.5941881164495
2580000.0 21.66432850299561
2590000.0 21.734132793367404
2600000.0 21.804432716433986
2610000.0 21.8744757575703
2620000.0 21.944777225690366
2630000.0 22.01586186497888
2640000.0 22.0864215585999
2650000.0 22.156714098005068
2660000.0 22.22824060237894
2670000.0 22.29951652729455
2680000.0 22.370645933210707
2690000.0 22.441419777573287
2700000.0 22.511336426065043
2710000.0 22.581437014677665
2720000.0 22.652075811149174
2730000.0 22.72297159164845
2740000.0 22.793160390632124
2750000.0 22.86278638296847
2760000.0 22.93219496280029
2770000.0 23.001789829358465
2780000.0 23.071015312088925
2790000.0 23.140434923050083
2800000.0 23.209995756098333
2810000.0 23.27942317460572
2820000.0 23.34876180751496
2830000.0 23.41754479744164
2840000.0 23.48582595288809
2850000.0 23.553534462455882
2860000.0 23.62137427631002
2870000.0 23.689813544760188
2880000.0 23.757958286546295
2890000.0 23.82572907950402
2900000.0 23.8942217786102
2910000.0 23.962391981392308
2920000.0 24.029674943070596
2930000.0 24.097412481344843
2940000.0 24.16421769110716
2950000.0 24.23191698195011
2960000.0 24.298758905084267
2970000.0 24.3661902822365
2980000.0 24.43318824940572
2990000.0 24.499422183879297
3000000.0 24.565495466945386
3010000.0 24.63130662687086
3020000.0 24.69815934489812
3030000.0 24.765937560920722
3040000.0 24.833530420090764
3050000.0 24.90130923060445
3060000.0 24.969940209543577
3070000.0 25.03813632464631
3080000.0 25.107202215300614
3090000.0 25.176359093336185
3100000.0 25.245334814941664
3110000.0 25.31491060546556
3120000.0 25.384568209131256
3130000.0 25.454783164073476
3140000.0 25.52506783041991
3150000.0 25.595025481755084
3160000.0 25.665237574578082
3170000.0 25.73421301743722
3180000.0 25.802743258819678
3190000.0 25.871781393560237
3200000.0 25.939510031234448
3210000.0 26.006995354371096
3220000.0 26.07469875137273
3230000.0 26.142917025515136
3240000.0 26.21137826642163
3250000.0 26.27867193058893
3260000.0 26.345716273783896
3270000.0 26.412686911542053
3280000.0 26.48019947755685
3290000.0 26.548730066316477
3300000.0 26.61608419444923
3310000.0 26.68362223346753
3320000.0 26.75066759747248
3330000.0 26.817961290856978
3340000.0 26.88478633533094
3350000.0 26.951495435761245
3360000.0 27.017160670013617
3370000.0 27.08257653628226
3380000.0 27.148393394461245
3390000.0 27.214254146020796
3400000.0 27.280401231191256
3410000.0 27.346226795585157
3420000.0 27.41068835694243
3430000.0 27.475416568099686
3440000.0 27.539279382700258
3450000.0 27.602278894497363
3460000.0 27.66444601215385
3470000.0 27.727055749875166
3480000.0 27.788469865297746
3490000.0 27.850676023073692
3500000.0 27.912959994814205
3510000.0 27.97418058721293
3520000.0 28.03583515989137
3530000.0 28.097151670381773
3540000.0 28.158891660255613
3550000.0 28.220526378070236
3560000.0 28.28232856869447
3570000.0 28.343838829120273
3580000.0 28.405624895905177
3590000.0 28.46719414700933
3600000.0 28.527942838459044
3610000.0 28.58915099337562
3620000.0 28.649761132853953
3630000.0 28.710083914772706
3640000.0 28.7709722794585
3650000.0 28.831912260127705
3660000.0 28.89340792023413
3670000.0 28.954955312611617
3680000.0 29.016535289398604
3690000.0 29.07823179852617
3700000.0 29.13898330775298
3710000.0 29.199971294939676
3720000.0 29.261570002862587
3730000.0 29.323828643788506
3740000.0 29.386482477434576
3750000.0 29.448771841675885
3760000.0 29.510955583552875
3770000.0 29.572650733262765
3780000.0 29.634156945871027
3790000.0 29.69546657592962
3800000.0 29.75586155371441
3810000.0 29.816709124647115
3820000.0 29.877631236440564
3830000.0 29.938544724539614
3840000.0 29.999529900397473
3850000.0 30.060905143427078
3860000.0 30.122185841023953
3870000.0 30.184452864423925
3880000.0 30.245845576951567
3890000.0 30.308146341758384
3900000.0 30.370321689395016
3910000.0 30.43208227144021
3920000.0 30.49351476137291
3930000.0 30.556442225536617
3940000.0 30.617487950366648
3950000.0 30.67911261702441
3960000.0 30.741409405888163
3970000.0 30.802977956399747
3980000.0 30.863900397814916
3990000.0 30.924940196408
4000000.0 30.985971569280274
4010000.0 31.047126981380142
4020000.0 31.10763187651258
4030000.0 31.16982335533413
4040000.0 31.231837936633003
4050000.0 31.292730082413488
4060000.0 31.3536830888263
4070000.0 31.415358436549397
4080000.0 31.47578696199673
4090000.0 31.537239157534128
4100000.0 31.597693412138177
4110000.0 31.658161481717453
4120000.0 31.71796885877329
4130000.0 31.777275485821452
4140000.0 31.836257719134476
4150000.0 31.895490575280018
4160000.0 31.95369190403692
4170000.0 32.01275374780435
4180000.0 32.07230308154976
4190000.0 32.13089037680428
4200000.0 32.18917980026262
4210000.0 32.24816226397263
4220000.0 32.30718256266964
4230000.0 32.36602127736786
4240000.0 32.42514756222499
4250000.0 32.48384532185371
4260000.0 32.54265188216591
4270000.0 32.601897407690636
4280000.0 32.66149301362209
4290000.0 32.72132636505162
4300000.0 32.7808724694726
4310000.0 32.84060353536703
4320000.0 32.900309828110004
4330000.0 32.958922535269146
4340000.0 33.016713901484856
4350000.0 33.07486708227954
4360000.0 33.13457963011358
4370000.0 33.19350138264383
4380000.0 33.251978133870296
4390000.0 33.31080098283283
4400000.0 33.36983124749147
4410000.0 33.427793181468914
4420000.0 33.48514801023018
4430000.0 33.54298031790545
4440000.0 33.60072455410267
4450000.0 33.65887346114375
4460000.0 33.71718104009174
4470000.0 33.774972553925934
4480000.0 33.833319822319616
4490000.0 33.89166773500577
4500000.0 33.95097372464615
4510000.0 34.010201277602604
4520000.0 34.070559607677914
4530000.0 34.13106835152458
4540000.0 34.19211120550485
4550000.0 34.25330617863099
4560000.0 34.31487148433306
4570000.0 34.375861286136
4580000.0 34.43565262908091
4590000.0 34.49595994994106
4600000.0 34.55677826735092
4610000.0 34.61791587748764
4620000.0 34.67769548861109
4630000.0 34.73831564854781
4640000.0 34.79944986956678
4650000.0 34.86085182957168
4660000.0 34.922110877629
4670000.0 34.98317709858111
4680000.0 35.044409235639876
4690000.0 35.10572483658514
4700000.0 35.16634518993191
4710000.0 35.22632405090922
4720000.0 35.28645905188937
4730000.0 35.34665285043453
4740000.0 35.40680772860152
4750000.0 35.46639245523248
4760000.0 35.526033916706275
4770000.0 35.58583607093671
4780000.0 35.645173307188415
4790000.0 35.705282896408875
4800000.0 35.76495191543965
4810000.0 35.82523684323229
4820000.0 35.88511140361686
4830000.0 35.94383119583107
4840000.0 36.00295306771729
4850000.0 36.06209469545352
4860000.0 36.12150425061526
4870000.0 36.180684687755104
4880000.0 36.23892672924992
4890000.0 36.29781944399217
4900000.0 36.355141471213024
4910000.0 36.41305861391204
4920000.0 36.47128268661167
4930000.0 36.52876586274662
4940000.0 36.58612485671671
4950000.0 36.64467459140068
4960000.0 36.70377900265445
4970000.0 36.76341729926706
4980000.0 36.822146785929824
4990000.0 36.88052764314043
5000000.0 36.93942288745407
5010000.0 36.9988657377462
5020000.0 37.057846520335694
5030000.0 37.116720671728515
5040000.0 37.174348757873155
5050000.0 37.23225499681835
5060000.0 37.290623770658044
5070000.0 37.34831854744091
5080000.0 37.405826082708174
5090000.0 37.46392597710306
5100000.0 37.52263248769413
5110000.0 37.58083362301935
5120000.0 37.63919876726673
5130000.0 37.69763021647232
5140000.0 37.75676115121906
5150000.0 37.816071623328895
5160000.0 37.87450340239601
5170000.0 37.932776863315276
5180000.0 37.990835980287414
5190000.0 38.048949838162194
5200000.0 38.1057838041248
5210000.0 38.163077308839775
5220000.0 38.22059934745122
5230000.0 38.278320637612254
5240000.0 38.33589180144949
5250000.0 38.39324026418318
5260000.0 38.45003063427381
5270000.0 38.50576679693215
5280000.0 38.561370301245255
5290000.0 38.61776570361818
5300000.0 38.67342364354931
5310000.0 38.72948875312641
5320000.0 38.785561160928715
5330000.0 38.84139260103176
5340000.0 38.89744927410886
5350000.0 38.95358858968183
5360000.0 39.00831571960902
5370000.0 39.06325905523046
5380000.0 39.11851897330217
5390000.0 39.17270156008882
5400000.0 39.226467775427615
5410000.0 39.28048463384727
5420000.0 39.33431110579129
5430000.0 39.38857909261892
5440000.0 39.44213659013195
5450000.0 39.495573846073576
5460000.0 39.54853808794356
5470000.0 39.60109943744285
5480000.0 39.65451997572311
5490000.0 39.70843868123033
5500000.0 39.76234662873704
5510000.0 39.817718030822554
5520000.0 39.873564586088634
5530000.0 39.929142705195716
5540000.0 39.98364261508183
5550000.0 40.03838922492505
5560000.0 40.094252605906426
5570000.0 40.149767984299295
5580000.0 40.2058878869036
5590000.0 40.26113443050482
5600000.0 40.31693798781125
5610000.0 40.370452280067106
5620000.0 40.42443796327482
5630000.0 40.47871397501865
5640000.0 40.53307393128448
5650000.0 40.58724285941505
5660000.0 40.641781363689525
5670000.0 40.696269767387484
5680000.0 40.750298640053515
5690000.0 40.804401480192595
5700000.0 40.857487431257894
5710000.0 40.910343133338266
5720000.0 40.963277992334525
5730000.0 41.015902190645015
5740000.0 41.06841453053218
5750000.0 41.120157512568206
5760000.0 41.17253661810372
5770000.0 41.22501053349485
5780000.0 41.278209991866056
5790000.0 41.332580861009525
5800000.0 41.38733321290309
5810000.0 41.44150805660723
5820000.0 41.49546334421271
5830000.0 41.54989787465906
5840000.0 41.60371383076696
5850000.0 41.6582346131417
5860000.0 41.712978564191964
5870000.0 41.768319153884576
5880000.0 41.823100486012855
5890000.0 41.87752611479719
5900000.0 41.93184837773022
5910000.0 41.98556034574647
5920000.0 42.03892259654421
5930000.0 42.09380047275401
5940000.0 42.14882843749004
5950000.0 42.20442931681174
5960000.0 42.25995343160797
5970000.0 42.31551605716789
5980000.0 42.370299766785
5990000.0 42.42469237609245
6000000.0 42.47871121732254
6010000.0 42.532451761853864
6020000.0 42.58710067130361
6030000.0 42.642060822266906
6040000.0 42.696228496477126
6050000.0 42.75016912482086
6060000.0 42.804180578222045
6070000.0 42.85780712781783
6080000.0 42.91116047085653
6090000.0 42.96397511006609
6100000.0 43.01599283485321
6110000.0 43.06779486622788
6120000.0 43.12049887790055
6130000.0 43.17192666703288
6140000.0 43.22378965822812
6150000.0 43.27526089283643
6160000.0 43.327068015321736
6170000.0 43.37847038102972
6180000.0 43.43072079103011
6190000.0 43.48333182047936
6200000.0 43.53498301318564
6210000.0 43.586303642606694
6220000.0 43.63694409134393
6230000.0 43.68738206391918
6240000.0 43.73937851979319
6250000.0 43.79053499603443
6260000.0 43.84134419070756
6270000.0 43.89240029214625
6280000.0 43.94300239358908
6290000.0 43.993702679518115
6300000.0 44.045194027933384
6310000.0 44.09610953783998
6320000.0 44.14618256986135
6330000.0 44.196924960907424
6340000.0 44.24738302231156
6350000.0 44.297390133283066
6360000.0 44.348949876584555
6370000.0 44.399987368780224
6380000.0 44.45122303284937
6390000.0 44.50177519401914
6400000.0 44.55318190227957
6410000.0 44.604443436225935
6420000.0 44.65563275770092
6430000.0 44.706229858141945
6440000.0 44.75650882465229
6450000.0 44.805950071698554
6460000.0 44.85616977407783
6470000.0 44.90664999616141
6480000.0 44.95711694802872
6490000.0 45.00745751081469
6500000.0 45.05750642069055
6510000.0 45.107860158408364
6520000.0 45.15746262425346
6530000.0 45.20768055157291
6540000.0 45.25835921342906
6550000.0 45.30883721419669
6560000.0 45.359023340877464
6570000.0 45.40962549558961
6580000.0 45.45963482472545
6590000.0 45.509746669033476
6600000.0 45.55923351452938
6610000.0 45.60835449307376
6620000.0 45.65699243532002
6630000.0 45.705955596967335
6640000.0 45.75473173116685
6650000.0 45.80395730451372
6660000.0 45.8534256171516
6670000.0 45.90324897230754
6680000.0 45.95337002294486
6690000.0 46.00274765595581
6700000.0 46.05215644637334
6710000.0 46.10197595419401
6720000.0 46.152284265980256
6730000.0 46.201959612963584
6740000.0 46.25149912834087
6750000.0 46.30080256763542
6760000.0 46.35030734364951
6770000.0 46.39937896317549
6780000.0 46.44769284998321
6790000.0 46.49799828962168
6800000.0 46.54702113784739
6810000.0 46.59694830142746
6820000.0 46.64514144612468
6830000.0 46.694069423588076
6840000.0 46.743178994962285
6850000.0 46.79207348517452
6860000.0 46.841234997572485
6870000.0 46.89104502653141
6880000.0 46.93987450286341
6890000.0 46.98964001460556
6900000.0 47.03962992230231
6910000.0 47.090347259381474
6920000.0 47.141057758700406
6930000.0 47.19112482637789
6940000.0 47.24118316202237
6950000.0 47.291410270998725
6960000.0 47.34124081030372
6970000.0 47.39148103355827
6980000.0 47.44183475862673
6990000.0 47.49150870851548
7000000.0 47.54171879771352
7010000.0 47.59168276690917
7020000.0 47.64035651314842
7030000.0 47.69005847350136
7040000.0 47.740762487523405
7050000.0 47.79117111769115
7060000.0 47.841754500214115
7070000.0 47.891230508999776
7080000.0 47.9411708376732
7090000.0 47.99034370305414
7100000.0 48.040107002689055
7110000.0 48.08955734988932
7120000.0 48.139411541317806
7130000.0 48.18876338345503
7140000.0 48.2377255857872
7150000.0 48.28712931478601
7160000.0 48.33581405082872
7170000.0 48.38388102411767
7180000.0 48.432066730691645
7190000.0 48.48108205232754
7200000.0 48.5302253172066
7210000.0 48.57964810772467
7220000.0 48.6294006213844
7230000.0 48.679425951239054
7240000.0 48.728530424991966
7250000.0 48.77768367311041
7260000.0 48.82786364271942
7270000.0 48.877983061843096
7280000.0 48.928246482023106
7290000.0 48.97808618544883
7300000.0 49.02847442841961
7310000.0 49.079489938133406
7320000.0 49.12967399439156
7330000.0 49.181133647385984
7340000.0 49.23123494096187
7350000.0 49.28049837330371
7360000.0 49.329888291701316
7370000.0 49.377409028814455
7380000.0 49.426084936179926
7390000.0 49.474309956788204
7400000.0 49.52240885880857
7410000.0 49.57077186893912
7420000.0 49.61791970491718
7430000.0 49.66591228751293
7440000.0 49.71406387818616
7450000.0 49.7616536505437
7460000.0 49.809645967320016
7470000.0 49.85766164017204
7480000.0 49.904700760555485
7490000.0 49.95143430444055
7500000.0 49.998875684731566
