10000.0 0.4761892448682338
20000.0 0.8567734337636564
30000.0 1.2164479156746149
40000.0 1.5688306498470526
50000.0 1.9149540546402684
60000.0 2.255516080952502
70000.0 2.592627371656576
80000.0 2.929021042466218
90000.0 3.2644783221488143
100000.0 3.5977924226641056
110000.0 3.929469649715671
120000.0 4.259723863051463
130000.0 4.5853222666805395
140000.0 4.909770327659044
150000.0 5.2308882600267586
160000.0 5.552115221491347
170000.0 5.872220231266887
180000.0 6.187986083667598
190000.0 6.503367162421521
200000.0 6.816089740674299
210000.0 7.12748890071166
220000.0 7.44042192748381
230000.0 7.750276761813771
240000.0 8.059758056792445
250000.0 8.365923925620745
260000.0 8.671708362474172
270000.0 8.977522150942221
280000.0 9.282505771948719
290000.0 9.587731664568427
300000.0 9.893377753764883
310000.0 10.198306346901001
320000.0 10.504124528928692
330000.0 10.810033768046184
340000.0 11.115100849699006
350000.0 11.42011574037597
360000.0 11.725992236497245
370000.0 12.031454146368823
380000.0 12.338495436460352
390000.0 12.64563469532336
400000.0 12.949702603807681
410000.0 13.25326026490085
420000.0 13.556641468805571
430000.0 13.858215740979459
440000.0 14.158857570902518
450000.0 14.459509793299848
460000.0 14.76243176964742
470000.0 15.061992234818039
480000.0 15.361052664434713
490000.0 15.659482739215145
500000.0 15.956900532320116
510000.0 16.251039418752104
520000.0 16.543111183583303
530000.0 16.832986006679224
540000.0 17.122718580491643
550000.0 17.411261792852148
560000.0 17.70008976905733
570000.0 17.984871727016607
580000.0 18.267835883293547
590000.0 18.552764869602974
600000.0 18.835763096783626
610000.0 19.119258449080803
620000.0 19.40116387436867
630000.0 19.681420082303426
640000.0 19.96047898058939
650000.0 20.23763686135067
660000.0 20.516708326978073
670000.0 20.794986986298866
680000.0 21.074303211608672
690000.0 21.35315431246594
700000.0 21.631302348877977
710000.0 21.90829858251439
720000.0 22.184840243919197
730000.0 22.46191636802232
740000.0 22.736947251509456
750000.0 23.0109480691405
760000.0 23.286499745857206
770000.0 23.561805804413776
780000.0 23.835268581261918
790000.0 24.110545985048667
800000.0 24.38628894085403
810000.0 24.661535737747805
820000.0 24.934418201381366
830000.0 25.20762200328476
840000.0 25.47897456627251
850000.0 25.748466627467963
860000.0 26.019349919230507
870000.0 26.289657935817598
880000.0 26.559435212894297
890000.0 26.828633047275915
900000.0 27.097054218327276
910000.0 27.367551332604453
920000.0 27.637830528701908
930000.0 27.908770371333944
940000.0 28.180359330021233
950000.0 28.4524348735491
960000.0 28.723604415011554
970000.0 28.99202603027019
980000.0 29.26179013490491
990000.0 29.533936666636638
1000000.0 29.80346492578162
1010000.0 30.071251659906412
1020000.0 30.34314335926426
1030000.0 30.61441475105562
1040000.0 30.884822399619722
1050000.0 31.155932280195866
1060000.0 31.42687253675205
1070000.0 31.697777399513523
1080000.0 31.969208308378317
1090000.0 32.240234795735475
1100000.0 32.510396414354894
1110000.0 32.78222436765581
1120000.0 33.05230595416497
1130000.0 33.32251715204494
1140000.0 33.59254315965276
1150000.0 33.86049499506214
1160000.0 34.12892723824779
1170000.0 34.398297264187576
1180000.0 34.667858579829534
1190000.0 34.93670143122242
1200000.0 35.20675433103486
1210000.0 35.47626575639137
1220000.0 35.743063329786835
1230000.0 36.01038902571287
1240000.0 36.277162068566945
1250000.0 36.54237593747975
1260000.0 36.806039040935794
1270000.0 37.07053991099975
1280000.0 37.33581551664116
1290000.0 37.60125004808788
1300000.0 37.86823441333941
1310000.0 38.13720333027873
1320000.0 38.40487667002588
1330000.0 38.67032265542738
1340000.0 38.935531925451784
1350000.0 39.200603775175345
1360000.0 39.4644222464138
1370000.0 39.72449999732999
1380000.0 39.98348858742566
1390000.0 40.24440935223276
1400000.0 40.50485547183609
1410000.0 40.76582745898158
1420000.0 41.024071473403765
1430000.0 41.28251752337618
1440000.0 41.54064094358555
1450000.0 41.80043339453164
1460000.0 42.05989606186114
1470000.0 42.318810968651924
1480000.0 42.57799606673175
1490000.0 42.8359273340044
1500000.0 43.094443001819776
1510000.0 43.3500883761688
1520000.0 43.60734803873969
1530000.0 43.86514109373127
1540000.0 44.12264463751644
1550000.0 44.380284923998765
1560000.0 44.63624157926982
1570000.0 44.892414248821595
1580000.0 45.14834760666477
1590000.0 45.4049022276757
1600000.0 45.66171854158572
1610000.0 45.91894374377863
1620000.0 46.17839587879671
1630000.0 46.436528227007464
1640000.0 46.69274181308585
1650000.0 46.946915443301116
1660000.0 47.19953033884551
1670000.0 47.453548534996614
1680000.0 47.70798336625851
1690000.0 47.959240258159504
1700000.0 48.21083939142425
1710000.0 48.4619612041788
1720000.0 48.712378846370285
1730000.0 48.961302010929906
1740000.0 49.210040380689705
1750000.0 49.46005586340758
1760000.0 49.71186378543506
1770000.0 49.96254368024271
1780000.0 50.21555435770677
1790000.0 50.46609817142425
1800000.0 50.71802244616052
1810000.0 50.969294275059106
1820000.0 51.21551714628223
1830000.0 51.46423154548322
1840000.0 51.711017262058284
1850000.0 51.95668992504164
1860000.0 52.20458483498141
1870000.0 52.451498230570245
1880000.0 52.6981864527929
1890000.0 52.94277976838001
1900000.0 53.186172831474494
1910000.0 53.428381449744904
1920000.0 53.67172512835604
1930000.0 53.915168092681796
1940000.0 54.159406204986375
1950000.0 54.40457937817958
1960000.0 54.65017838621059
1970000.0 54.89536337649144
1980000.0 55.13933243832692
1990000.0 55.38525937811482
2000000.0 55.62928291298442
2010000.0 55.87516612822331
2020000.0 56.121619863536495
2030000.0 56.36929103204899
2040000.0 56.616251502893235
2050000.0 56.86608112863403
2060000.0 57.115660187591494
2070000.0 57.36559563225328
2080000.0 57.61235794251864
2090000.0 57.859960135038605
2100000.0 58.10815251022057
2110000.0 58.35634485692913
2120000.0 58.605668091516996
2130000.0 58.853912154061206
2140000.0 59.103173553192484
2150000.0 59.35254298500666
2160000.0 59.60145180382268
2170000.0 59.85150068611301
2180000.0 60.103164696587356
2190000.0 60.356787253222315
2200000.0 60.60852418022608
2210000.0 60.86196146689968
2220000.0 61.11220298619486
2230000.0 61.363069258940456
2240000.0 61.61427896480415
2250000.0 61.86646474385396
2260000.0 62.11713419368441
2270000.0 62.36782036146365
2280000.0 62.61988752483043
2290000.0 62.87067050580758
2300000.0 63.11934199931024
2310000.0 63.366959716916696
2320000.0 63.614432303629286
2330000.0 63.85939934833404
2340000.0 64.10424910485409
2350000.0 64.35063360292645
2360000.0 64.59749280636339
2370000.0 64.84561813905871
2380000.0 65.09058743641576
2390000.0 65.33739360025274
2400000.0 65.58549248627652
2410000.0 65.83358674391145
2420000.0 66.08113829922391
2430000.0 66.32869859860486
2440000.0 66.5760833094918
2450000.0 66.82360457788589
2460000.0 67.07234475773252
2470000.0 67.32027532846658
2480000.0 67.56828162794304
2490000.0 67.81427821531734
2500000.0 68.0593183511944
2510000.0 68.30164926455265
2520000.0 68.54497515084806
2530000.0 68.78756462969501
2540000.0 69.02882149049783
2550000.0 69.27144587209762
2560000.0 69.51141147075144
2570000.0 69.75026305703015
2580000.0 69.98794046690271
2590000.0 70.2252175763869
2600000.0 70.46400106577723
2610000.0 70.7034931766168
2620000.0 70.94377624967031
2630000.0 71.18255290080924
2640000.0 71.42099071000084
2650000.0 71.6597359551778
2660000.0 71.8989149660034
2670000.0 72.14407166586236
2680000.0 72.38793155586109
2690000.0 72.63340165565485
2700000.0 72.8799600021099
2710000.0 73.12610472968795
2720000.0 73.37445383336937
2730000.0 73.6216519463606
2740000.0 73.87011530205076
2750000.0 74.12038557549432
2760000.0 74.37006132966717
2770000.0 74.6190151730762
2780000.0 74.86861313298157
2790000.0 75.11696003778971
2800000.0 75.36419124302581
2810000.0 75.61262955752784
2820000.0 75.8628025816587
2830000.0 76.11250585996444
2840000.0 76.36090521265841
2850000.0 76.61004741443979
2860000.0 76.86185680395539
2870000.0 77.10989266666634
2880000.0 77.35853816750573
2890000.0 77.60762030165448
2900000.0 77.85533573912772
2910000.0 78.10625344707164
2920000.0 78.35722034779931
2930000.0 78.60754468179043
2940000.0 78.8574975358344
2950000.0 79.10603849433355
2960000.0 79.35575497452156
2970000.0 79.60125305599274
2980000.0 79.84518761901867
2990000.0 80.08846973545747
3000000.0 80.33149505330135
3010000.0 80.57386735539231
3020000.0 80.81288848120418
3030000.0 81.05134479940041
3040000.0 81.28762360021527
3050000.0 81.52345639348877
3060000.0 81.75790858620144
3070000.0 81.98889350241762
3080000.0 82.22033730594683
3090000.0 82.45073723492615
3100000.0 82.68264681475716
3110000.0 82.91954778446147
3120000.0 83.15397007922915
3130000.0 83.3862500227175
3140000.0 83.61647653877142
3150000.0 83.84895868681063
3160000.0 84.08113271183251
3170000.0 84.31252448634179
3180000.0 84.54358214182741
3190000.0 84.77390604201538
3200000.0 85.00273385775576
3210000.0 85.23287679403337
3220000.0 85.46396562874435
3230000.0 85.69453223053698
3240000.0 85.92496801155056
3250000.0 86.15690248782516
3260000.0 86.3883070840263
3270000.0 86.62141947533387
3280000.0 86.8518923050476
3290000.0 87.08207419850591
3300000.0 87.31420277690255
3310000.0 87.54340513851129
3320000.0 87.77517438675545
3330000.0 88.0063587422974
3340000.0 88.23757770267093
3350000.0 88.46484199604282
3360000.0 88.69279042522975
3370000.0 88.92409626712818
3380000.0 89.15691344210862
3390000.0 89.38903770165506
3400000.0 89.62119570329057
3410000.0 89.85590317215674
3420000.0 90.09040543564606
3430000.0 90.32247302847446
3440000.0 90.5557866692723
3450000.0 90.78853949197176
3460000.0 91.02162684163305
3470000.0 91.25528776215205
3480000.0 91.48777398770876
3490000.0 91.72234312746647
3500000.0 91.95792121406662
3510000.0 92.19059717012122
3520000.0 92.42019982010282
3530000.0 92.65208256512008
3540000.0 92.88174156349193
3550000.0 93.10946310677178
3560000.0 93.33910515443566
3570000.0 93.56790665860424
3580000.0 93.79477327289611
3590000.0 94.0233051884755
3600000.0 94.25342955737447
3610000.0 94.48351574658963
3620000.0 94.71266030966429
3630000.0 94.94178210503765
3640000.0 95.17018716364827
3650000.0 95.39651325847939
3660000.0 95.62241265623229
3670000.0 95.84877639872668
3680000.0 96.07534965899303
3690000.0 96.30362675606884
3700000.0 96.52936665375893
3710000.0 96.75382529017476
3720000.0 96.97846289620087
3730000.0 97.19981450030896
3740000.0 97.4211385186562
3750000.0 97.6392035847275
3760000.0 97.85616406819676
3770000.0 98.0724900858275
3780000.0 98.2914046197042
3790000.0 98.50905600580202
3800000.0 98.7270959120679
3810000.0 98.9454582996984
3820000.0 99.16394647980644
3830000.0 99.38417249070274
3840000.0 99.60368572764455
3850000.0 99.82160864991215
3860000.0 100.0393272390193
3870000.0 100.2566912741343
3880000.0 100.47523715031039
3890000.0 100.69253184146415
3900000.0 100.90964331855857
3910000.0 101.12590237989126
3920000.0 101.34214310087486
3930000.0 101.55587068661629
3940000.0 101.77009764241782
3950000.0 101.98220728618843
3960000.0 102.19586711157973
3970000.0 102.40979998436916
3980000.0 102.62236797173621
3990000.0 102.83355955321201
4000000.0 103.04746676980842
4010000.0 103.26209097016303
4020000.0 103.47542652196326
4030000.0 103.69081300497106
4040000.0 103.90654380101098
4050000.0 104.11833597454549
4060000.0 104.33065762422241
4070000.0 104.54340080504322
4080000.0 104.75222031625879
4090000.0 104.9620690883188
4100000.0 105.17258591388139
4110000.0 105.38338339677276
4120000.0 105.59508809014109
4130000.0 105.80597826553685
4140000.0 106.01591999696055
4150000.0 106.22482433910932
4160000.0 106.43368147344403
4170000.0 106.64573599443837
4180000.0 106.8569153865689
4190000.0 107.06858084582865
4200000.0 107.27885706138784
4210000.0 107.4906235393214
4220000.0 107.70404753038993
4230000.0 107.91764843047899
4240000.0 108.1280463778274
4250000.0 108.34114241332381
4260000.0 108.5541583879907
4270000.0 108.76854744329354
4280000.0 108.98630614696481
4290000.0 109.20472119614868
4300000.0 109.42160278571659
4310000.0 109.63805458087094
4320000.0 109.85802302832978
4330000.0 110.0777407810007
4340000.0 110.2975112774883
4350000.0 110.51404298271794
4360000.0 110.73170548807214
4370000.0 110.94949661165553
4380000.0 111.16843620111057
4390000.0 111.3867581182749
4400000.0 111.6054147245485
4410000.0 111.82406512620929
4420000.0 112.0415056736134
4430000.0 112.2627936289672
4440000.0 112.48002747340627
4450000.0 112.6953519963871
4460000.0 112.91388915486812
4470000.0 113.13157995400607
4480000.0 113.34888970360043
4490000.0 113.56714350639373
4500000.0 113.78364180365409
4510000.0 113.99805736157613
4520000.0 114.21345291284926
4530000.0 114.42611517255533
4540000.0 114.64176161687969
4550000.0 114.85182301605234
4560000.0 115.06006883608843
4570000.0 115.27077761674818
4580000.0 115.47732674131647
4590000.0 115.68537808291613
4600000.0 115.89012803905113
4610000.0 116.09351614335242
4620000.0 116.29572102854424
4630000.0 116.50058736848298
4640000.0 116.70455853611753
4650000.0 116.91066721686715
4660000.0 117.11793876856751
4670000.0 117.32556058568206
4680000.0 117.53067997981005
4690000.0 117.73427295902596
4700000.0 117.93831309404187
4710000.0 118.14292442996792
4720000.0 118.34660246236602
4730000.0 118.55222306056184
4740000.0 118.75501214693666
4750000.0 118.95799000327752
4760000.0 119.15965435114231
4770000.0 119.3589207405896
4780000.0 119.56070262169528
4790000.0 119.76255103460353
4800000.0 119.96682728465053
4810000.0 120.17155194599935
4820000.0 120.37592975300788
4830000.0 120.58022286656838
4840000.0 120.78233560698877
4850000.0 120.98680466455926
4860000.0 121.18868595994061
4870000.0 121.3924220541291
4880000.0 121.59460982012376
4890000.0 121.79913182593215
4900000.0 121.99995916423147
4910000.0 122.2013462765037
4920000.0 122.40463596894541
4930000.0 122.60799318713988
4940000.0 122.81039187979303
4950000.0 123.01713707855406
4960000.0 123.224680351516
4970000.0 123.43094866395938
4980000.0 123.63635960545855
4990000.0 123.84319097037671
5000000.0 124.04972582330224
5010000.0 124.25466447178025
5020000.0 124.45619260225413
5030000.0 124.66074450443372
5040000.0 124.86542642729712
5050000.0 125.07144608387873
5060000.0 125.27675879960334
5070000.0 125.48383600652826
5080000.0 125.68956277810456
5090000.0 125.89380997073755
5100000.0 126.09734718464607
5110000.0 126.30231178281805
5120000.0 126.50513039048381
5130000.0 126.70894525568114
5140000.0 126.9110455051353
5150000.0 127.11273870296064
5160000.0 127.31485157751129
5170000.0 127.5166692762811
5180000.0 127.71963312757761
5190000.0 127.92252675970575
5200000.0 128.12658307025606
5210000.0 128.33039160771145
5220000.0 128.53512783881627
5230000.0 128.73690695364417
5240000.0 128.93871735289363
5250000.0 129.14079353558074
5260000.0 129.34236991449646
5270000.0 129.54135850456493
5280000.0 129.74120966606873
5290000.0 129.93788208279915
5300000.0 130.13707594153854
5310000.0 130.33578488645676
5320000.0 130.53630404705422
5330000.0 130.73325088902973
5340000.0 130.92880310521176
5350000.0 131.12367851173113
5360000.0 131.3139442947655
5370000.0 131.50482626570738
5380000.0 131.6967487404105
5390000.0 131.8871382185517
5400000.0 132.0774016564434
5410000.0 132.26887932863758
5420000.0 132.46016229099374
5430000.0 132.65331086935015
5440000.0 132.84811324567627
5450000.0 133.0429406111814
5460000.0 133.23758116492183
5470000.0 133.42951926413883
5480000.0 133.61944803363718
5490000.0 133.8103922982267
5500000.0 134.0020105287269
5510000.0 134.19074712790808
5520000.0 134.38100133158514
5530000.0 134.5702207720566
5540000.0 134.76012231203683
5550000.0 134.94766989429723
5560000.0 135.13424223710288
5570000.0 135.32307542572798
5580000.0 135.5095641635035
5590000.0 135.69126712030175
5600000.0 135.8724986263485
5610000.0 136.05404783560752
5620000.0 136.2329442376702
5630000.0 136.41450671061182
5640000.0 136.5947862170604
5650000.0 136.77698450176584
5660000.0 136.9591726314419
5670000.0 137.14257136532814
5680000.0 137.3251735487531
5690000.0 137.50465668088296
5700000.0 137.68820922373138
5710000.0 137.86860190802926
5720000.0 138.04879289768346
5730000.0 138.22801134312883
5740000.0 138.40456092989245
5750000.0 138.58272496975846
5760000.0 138.7583957295279
5770000.0 138.93232389437304
5780000.0 139.10617921766823
5790000.0 139.27812355935635
5800000.0 139.45148876065448
5810000.0 139.62633695726709
5820000.0 139.798824890945
5830000.0 139.97394056288883
5840000.0 140.1448423240107
5850000.0 140.31504069037737
5860000.0 140.48626188820114
5870000.0 140.66013884347709
5880000.0 140.8350202123351
5890000.0 141.01059500199023
5900000.0 141.18262789139033
5910000.0 141.35500219500014
5920000.0 141.5255978028802
5930000.0 141.6993353088543
5940000.0 141.87614684525994
5950000.0 142.05380794754365
5960000.0 142.23125234720354
5970000.0 142.40987144430423
5980000.0 142.58829792885558
5990000.0 142.76893318878328
6000000.0 142.94981184829214
6010000.0 143.13155773652292
6020000.0 143.3159204680008
6030000.0 143.4992879427442
6040000.0 143.681734387112
6050000.0 143.86741846330852
6060000.0 144.04999017719135
6070000.0 144.23700715634217
6080000.0 144.4246023440512
6090000.0 144.6149123969573
6100000.0 144.8026161151429
6110000.0 144.98713409513377
6120000.0 145.17094549134427
6130000.0 145.35495409036392
6140000.0 145.54143184362388
6150000.0 145.72908789340497
6160000.0 145.9144204535161
6170000.0 146.10001024342543
6180000.0 146.28253302658078
6190000.0 146.4631122732835
6200000.0 146.64348229655465
6210000.0 146.8250275795106
6220000.0 147.0081304392031
6230000.0 147.1902523116965
6240000.0 147.37152356210072
6250000.0 147.5538329063569
6260000.0 147.7341412295883
6270000.0 147.91183853251968
6280000.0 148.0882529923226
6290000.0 148.26466748872423
6300000.0 148.43972284293596
6310000.0 148.61644680530736
6320000.0 148.79019634339875
6330000.0 148.96281516013372
6340000.0 149.13907866514776
6350000.0 149.31823871006958
6360000.0 149.49592093868878
6370000.0 149.6748428800491
6380000.0 149.85393076098424
6390000.0 150.0331594447186
6400000.0 150.21083443074136
6410000.0 150.38754400607593
6420000.0 150.5634093150073
6430000.0 150.7385049061951
6440000.0 150.9134766406105
6450000.0 151.088898434506
6460000.0 151.26386363028675
6470000.0 151.44048618774397
6480000.0 151.6155995480724
6490000.0 151.79047440167122
6500000.0 151.96209205889554
6510000.0 152.13352382168705
6520000.0 152.30226559583724
6530000.0 152.46888588426765
6540000.0 152.635270099977
6550000.0 152.8042140166234
6560000.0 152.9746645249183
6570000.0 153.1440656096146
6580000.0 153.31528546954902
6590000.0 153.48535554134156
6600000.0 153.65480170459358
6610000.0 153.81962130103102
6620000.0 153.98423646587614
6630000.0 154.15083706454877
6640000.0 154.31464892512713
6650000.0 154.47868966785035
6660000.0 154.64108892834489
6670000.0 154.8004478366277
6680000.0 154.96082250476155
6690000.0 155.12128778205542
6700000.0 155.2830252077703
6710000.0 155.44488594601805
6720000.0 155.60647308244955
6730000.0 155.7637127753246
6740000.0 155.92604027418162
6750000.0 156.08375177389357
6760000.0 156.2403723252874
6770000.0 156.39726340811234
6780000.0 156.54773787653104
6790000.0 156.7003283050323
6800000.0 156.85122257181982
6810000.0 157.00132566683962
6820000.0 157.15402772115817
6830000.0 157.30888672463277
6840000.0 157.46164886274784
6850000.0 157.6124988705181
6860000.0 157.76391564817587
6870000.0 157.91330584500878
6880000.0 158.0618927031865
6890000.0 158.21109680379564
6900000.0 158.35966493008507
6910000.0 158.50863051358436
6920000.0 158.6555005309961
6930000.0 158.80247019824867
6940000.0 158.9498482256108
6950000.0 159.10004846656258
6960000.0 159.2493381986922
6970000.0 159.39883020584614
6980000.0 159.54941660400638
6990000.0 159.69816124000977
7000000.0 159.84277822490228
7010000.0 159.98971697196026
7020000.0 160.13477821001567
7030000.0 160.28270768835304
7040000.0 160.42971052543146
7050000.0 160.57575603388844
7060000.0 160.72263598541085
7070000.0 160.86963128732054
7080000.0 161.01567527224316
7090000.0 161.1640047955019
7100000.0 161.31222344323672
7110000.0 161.4605575794685
7120000.0 161.60743828184482
7130000.0 161.75406215610528
7140000.0 161.90046608345492
7150000.0 162.0480686951399
7160000.0 162.19353499731983
7170000.0 162.34314754724534
7180000.0 162.4881513885186
7190000.0 162.63513092725395
7200000.0 162.78111259527728
7210000.0 162.92595481817577
7220000.0 163.0732539273926
7230000.0 163.22250138866724
7240000.0 163.3706893362183
7250000.0 163.51985039328122
7260000.0 163.66964661796223
7270000.0 163.8178026739322
7280000.0 163.9672355937753
7290000.0 164.11809013772796
7300000.0 164.2709060907905
7310000.0 164.4210346137715
7320000.0 164.57234702088024
7330000.0 164.7257896658034
7340000.0 164.879038503631
7350000.0 165.02897104180613
7360000.0 165.17923673421433
7370000.0 165.32984319556297
7380000.0 165.47988641204435
7390000.0 165.62918416825042
7400000.0 165.779408393061
7410000.0 165.93003146160675
7420000.0 166.07786739047594
7430000.0 166.2258757436638
7440000.0 166.37564656801098
7450000.0 166.52560516741616
7460000.0 166.67401621567413
7470000.0 166.8229775520953
7480000.0 166.97282083870866
7490000.0 167.1218748984779
7500000.0 167.2675933599099
