0.000000000000000000e+00
1.719424342938078998e-01
2.882653036558672222e-01
3.936924817525673803e-01
4.935243855185996731e-01
5.904649786433153746e-01
6.826586664820234462e-01
7.735782796363892544e-01
8.642774317941380735e-01
9.525556336074432195e-01
1.039015010492073232e+00
1.124865429869881028e+00
1.209152651811554735e+00
1.291729486555376560e+00
1.373807326465495082e+00
1.457939037980630737e+00
1.540169754401411684e+00
1.621357559819573524e+00
1.701432213087345158e+00
1.780765698183655932e+00
1.858505597766027417e+00
1.936486806753868528e+00
2.014315705359492004e+00
2.093387528207752535e+00
2.172376826884307555e+00
2.249419947378454854e+00
2.326667993482268049e+00
2.402404639054479762e+00
2.476618461328843779e+00
2.551079021961578430e+00
2.623991491397386522e+00
2.697922298625385906e+00
2.769837436251850971e+00
2.842651660102343047e+00
2.912873484731876239e+00
2.983188433367943038e+00
3.054273525720979432e+00
3.124041695202899316e+00
3.193426377164792829e+00
3.263067325159038745e+00
3.331206452099011450e+00
3.400343166329723221e+00
3.468659739148877819e+00
3.535041742776206863e+00
3.603138430534229997e+00
3.671450835185876116e+00
3.740043795359176304e+00
3.808264193154878630e+00
3.877024119164291793e+00
3.944305133312077327e+00
4.010805203975494670e+00
4.076883773178433756e+00
4.143287982594887175e+00
4.209439361080915987e+00
4.275128594125585657e+00
4.340356666620943216e+00
4.405071477051530238e+00
4.470227494008885749e+00
4.536002918343783996e+00
4.601713304126795023e+00
4.667105406424825631e+00
4.732366705297466503e+00
4.798454453044538326e+00
4.863740095681310827e+00
4.927052177391140653e+00
4.989307858782773941e+00
5.052586301744396380e+00
5.114949064331481665e+00
5.176785234880899367e+00
5.237716978192731077e+00
5.298928856742746163e+00
5.360046758779102305e+00
5.420156120982774439e+00
5.479004590682026610e+00
5.536665389620100797e+00
5.594867514124451269e+00
5.652942622345927148e+00
5.711068222195990529e+00
5.767405935417940555e+00
5.823756594006130882e+00
5.879838125791679637e+00
5.935751385686863557e+00
5.990708978282788699e+00
6.044965622625850798e+00
6.098868428388382945e+00
6.151544908858107341e+00
6.203290221214929900e+00
6.256375559898449623e+00
6.310438922332129330e+00
6.364950427494092011e+00
6.416820716506494549e+00
6.470477349992071581e+00
6.523440949545046053e+00
6.574692323694069529e+00
6.626798145582763588e+00
6.678632146430746097e+00
6.730587093517977237e+00
6.781135593501783632e+00
6.831281143257753818e+00
6.882149337053987459e+00
6.935375565971029665e+00
6.988259712153881864e+00
7.041456095298403994e+00
7.093837028144950985e+00
7.148151978470784762e+00
7.201808771804224740e+00
7.255147794666343408e+00
7.309123900830062581e+00
7.362779737931015589e+00
7.415805210251238400e+00
7.467006761423792938e+00
7.517812624942727062e+00
7.569498081363604136e+00
7.620481192408495197e+00
7.670681261545325036e+00
7.721853794747399746e+00
7.772098490525537251e+00
7.821113690192730949e+00
7.869545444401434331e+00
7.918906666887520984e+00
7.966929564296936661e+00
8.016863121565704020e+00
8.065983680165691894e+00
8.115200327667388080e+00
8.165171835266772149e+00
8.214667760603946434e+00
8.264721684233597543e+00
8.313308260531034222e+00
8.362875343983295906e+00
8.411858014844614928e+00
8.460680492637951744e+00
8.508534572229427440e+00
8.555552080760580935e+00
8.599857889171380165e+00
8.646173910559356912e+00
8.693243190758249028e+00
8.740204041517024791e+00
8.786823765637636896e+00
8.834696092338091944e+00
8.881109484455839365e+00
8.926500384619101780e+00
8.971459606585437285e+00
9.015627962872963863e+00
9.058897996081425319e+00
9.101294554019645489e+00
9.144689304297743959e+00
9.187955911272021936e+00
9.232502583155415721e+00
9.276307979500671763e+00
9.321415539511066939e+00
9.365066184833150231e+00
9.411373094434278386e+00
9.457580667402835317e+00
9.504401604015898286e+00
9.550945816464025739e+00
9.598450597417468089e+00
9.644328300786780162e+00
9.689943299406703403e+00
9.737178525264752693e+00
9.784294702026082646e+00
9.829836826516647363e+00
9.875189128827917884e+00
9.919663224767655052e+00
9.966688053209587395e+00
1.001432803974732977e+01
1.006069427668167116e+01
1.010824872612493941e+01
1.015561315190513270e+01
1.020224439004787165e+01
1.024925104316922742e+01
1.029609093167509037e+01
1.034478334746219552e+01
1.039146623117522950e+01
1.044021242401562688e+01
1.048835862889075088e+01
1.053699931716099947e+01
1.058647312808067831e+01
1.063459924075698027e+01
1.068242653933387487e+01
1.073057371659780657e+01
1.077868120084018955e+01
1.082793964663165021e+01
1.087811222278204859e+01
1.092833672783369892e+01
1.097871694563588818e+01
1.102873052933282416e+01
1.107921483149604214e+01
1.112862250441181544e+01
1.117891449939505932e+01
1.122769638258757219e+01
1.127632845109024018e+01
1.132553160516046198e+01
1.137210665021900802e+01
1.142035779063066592e+01
1.146864275352569962e+01
1.151653309259847013e+01
1.156431417383264204e+01
1.161047741942079803e+01
1.165711098989476291e+01
1.170143791925312904e+01
1.174556749899621089e+01
1.178927589087764183e+01
1.183267753175483072e+01
1.187624528797022450e+01
1.191991273566461906e+01
1.196336412329457488e+01
1.200772756394203356e+01
1.205165073570950085e+01
1.209609160643059944e+01
1.214020936049595001e+01
1.218250494365994641e+01
1.222551585569028454e+01
1.226718596165781250e+01
1.231064785195296096e+01
1.235386128797208549e+01
1.239713004454602974e+01
1.243922261061176826e+01
1.248179334351573999e+01
1.252511434677696478e+01
1.256549583238826351e+01
1.260611254654507718e+01
1.264692934464626894e+01
1.269071687581759633e+01
1.273476777966417828e+01
1.277953095095622871e+01
1.282347272521464454e+01
1.286836585741788674e+01
1.291314118642052655e+01
1.295710208093156801e+01
1.300165496852296343e+01
1.304662818588960782e+01
1.309264424586664255e+01
1.313762424308981913e+01
1.318285718292484354e+01
1.322832539080676995e+01
1.327408969593636456e+01
1.331886039316641934e+01
1.335989861238104304e+01
1.340183887495192749e+01
1.344418996795597820e+01
1.348688636390984108e+01
1.352875711465437369e+01
1.357037084376462133e+01
1.361308401412428282e+01
1.365540022516779040e+01
1.369720041484017337e+01
1.373957741307333436e+01
1.378359904361999710e+01
1.382774334021038243e+01
1.387187280565393444e+01
1.391740963553848331e+01
1.396105112643719615e+01
1.400441599349034227e+01
1.404765070221155909e+01
1.409079812191123438e+01
1.413361102880458553e+01
1.417763581781597182e+01
1.422148482338079134e+01
1.426699121248056201e+01
1.431348385981903881e+01
1.435802192014300616e+01
1.440267452323954522e+01
1.444802379019701633e+01
1.449233991875121319e+01
1.453609981278428798e+01
1.457919675613623056e+01
1.462278226603891795e+01
1.466709208402316200e+01
1.471312935507046049e+01
1.475982061725481209e+01
1.480440204888079059e+01
1.484973486636130779e+01
1.489477213351360163e+01
1.493763795002577233e+01
1.498153068649761366e+01
1.502442247543999443e+01
1.506657795749284823e+01
1.511053179467454655e+01
1.515264826372958318e+01
1.519648019950560247e+01
1.523964019842328632e+01
1.528150925531929438e+01
1.532618771855105244e+01
1.536956159370602393e+01
1.541362876021820227e+01
1.545861689065261046e+01
1.550441919374320143e+01
1.555096799464124224e+01
1.559625007889567883e+01
1.564127955691172112e+01
1.568810487854774927e+01
1.573473622941163619e+01
1.578059643465364914e+01
1.582832263829372366e+01
1.587513672399571796e+01
1.592283361215213233e+01
1.596776783890172347e+01
1.601484141163983210e+01
1.606154016837695053e+01
1.610720950538248530e+01
1.615248314300456300e+01
1.619887707231181295e+01
1.624628801507638798e+01
1.629535462566960646e+01
1.634453319231966972e+01
1.639214441241803755e+01
1.644072294537271617e+01
1.648701690342847925e+01
1.653452353032209032e+01
1.658234155008076272e+01
1.662956408416192389e+01
1.667814112152347761e+01
1.672397987689588206e+01
1.676957048915551240e+01
1.681587840438066550e+01
1.686039662856764210e+01
1.690658354505505656e+01
1.695296494371764240e+01
1.699697034924170680e+01
1.704236238112763147e+01
1.708752616965068682e+01
1.713199549446762404e+01
1.717669428576980195e+01
1.722110312854265501e+01
1.726656048579089742e+01
1.731043406203661661e+01
1.735298817163497631e+01
1.739778088941724121e+01
1.744296743108380099e+01
1.748928627632145805e+01
1.753420628482211541e+01
1.757792945748601454e+01
1.762061932216666094e+01
1.766524323511573513e+01
1.770834768765420009e+01
1.775310505035555053e+01
1.779501132479197167e+01
1.783801020552374439e+01
1.788132412475846422e+01
1.792546820573698696e+01
1.796953241704377291e+01
1.801492825775088846e+01
1.805749245686389415e+01
1.809928274587067065e+01
1.814080566817448315e+01
1.818167186694646631e+01
1.822060633635614835e+01
1.826112167185338464e+01
1.829909520845446380e+01
1.833922058243417652e+01
1.838079255017931857e+01
1.842142757505368422e+01
1.846239130264588013e+01
1.850196373200844135e+01
1.854370938123697243e+01
1.858295369105521999e+01
1.862191018670657172e+01
1.866136058853497204e+01
1.870101605563528935e+01
1.874046979195277274e+01
1.878031736175597644e+01
1.882019699423026893e+01
1.886006777058511474e+01
1.889803468963683031e+01
1.893689140313717090e+01
1.897407838034734695e+01
1.901344783772849567e+01
1.905471826736105356e+01
1.909505894518520108e+01
1.913484004607829903e+01
1.917520237330091604e+01
1.921642834058806670e+01
1.925978068812919375e+01
1.930240698415081368e+01
1.934411796489251145e+01
1.938486169310650808e+01
1.942374340597547899e+01
1.946349441826058069e+01
1.950327443814392936e+01
1.954293332054363930e+01
1.958378641353780125e+01
1.962610266367460099e+01
1.966870437652804426e+01
1.971098083310998916e+01
1.975266852623153824e+01
1.979338312128254529e+01
1.983687386483290993e+01
1.987938435872000298e+01
1.992080390606131601e+01
1.996573415565724474e+01
2.000806190156229292e+01
2.004935122377180434e+01
2.009195941655326578e+01
2.013470299732423641e+01
2.017754752765491943e+01
2.022048453158352999e+01
2.026491014851757200e+01
2.030977769305160052e+01
2.035420143165432805e+01
2.039874803323185404e+01
2.044277013707245416e+01
2.048847120077705242e+01
2.053262902843498239e+01
2.057922642085771159e+01
2.062542362664600759e+01
2.067014510657009296e+01
2.071497392729140330e+01
2.076232674735054218e+01
2.080691956471016368e+01
2.085290835892916661e+01
2.089720581453935111e+01
2.094235164700038609e+01
2.098353525954217602e+01
2.102468181445331652e+01
2.106534630664688379e+01
2.110809281109368740e+01
2.114912579262988856e+01
2.119048117134756382e+01
2.123231671119750885e+01
2.127615537628258480e+01
2.131714073501413154e+01
2.136009380457731055e+01
2.140391933966342819e+01
2.144770583343795778e+01
2.149090784660201336e+01
2.153329526971164043e+01
2.157379380698185045e+01
2.161474727913689620e+01
2.165774189219006374e+01
2.169998849723703671e+01
2.174073645856109849e+01
2.178185865626850770e+01
2.182455911941351090e+01
2.186664095017244236e+01
2.190953275239115783e+01
2.195477533118737057e+01
2.199924871100217416e+01
2.204286660992310942e+01
2.208770559526307053e+01
2.213216092964926673e+01
2.217733915394231303e+01
2.222219941098067153e+01
2.226821854611976548e+01
2.231297208191243087e+01
2.235676181094677162e+01
2.240059662176436106e+01
2.244460135798966860e+01
2.248768554470479586e+01
2.253211971357876209e+01
2.257508482521938475e+01
2.261913660607429577e+01
2.266387236987963405e+01
2.270977467213543122e+01
2.275508827870867634e+01
2.280114401571076144e+01
2.284709615348445411e+01
2.289424394621928016e+01
2.294078425156584089e+01
2.298525412020529757e+01
2.302885642767710195e+01
2.307283320232454571e+01
2.311568312121002222e+01
2.315868582024596378e+01
2.320235235041270982e+01
2.324749628390572909e+01
2.329222576899957886e+01
2.333654941038841457e+01
2.337977321034336597e+01
2.342438821496545742e+01
2.346914185156401444e+01
2.351128687964369846e+01
2.355527145728808591e+01
2.359962681317680833e+01
2.364311360980113363e+01
2.368638898586088359e+01
2.372903764136651716e+01
2.377080974213047426e+01
2.381198835119466395e+01
2.385345473545419637e+01
2.389299414202271521e+01
2.393219273883982012e+01
2.397139590878676429e+01
2.401223482047855029e+01
2.405101593224578238e+01
2.409116997213392963e+01
2.413113628721525927e+01
2.416988043643369011e+01
2.420821603305156700e+01
2.424471758609158911e+01
2.428222340090974996e+01
2.431946089793488142e+01
2.435637385415557432e+01
2.439245159360967463e+01
2.442826377938856552e+01
2.446353594270637544e+01
2.450082839633678944e+01
2.453940898925922198e+01
2.457703916077968387e+01
2.461627269642650617e+01
2.465391064103271290e+01
2.469486948364299650e+01
2.473572150913368262e+01
2.477590338304197815e+01
2.481584699837615915e+01
2.485567483415828605e+01
2.489400913868068699e+01
2.493113419792284091e+01
2.496762767692601059e+01
2.500515229290181907e+01
2.504192419662556901e+01
2.507993921236217361e+01
2.511711402876422028e+01
2.515573762094306076e+01
2.519359828352450492e+01
2.523127306979575124e+01
2.527024978586083392e+01
2.530862562125869886e+01
2.534842571763742569e+01
2.538836177573388042e+01
2.542622912207599128e+01
2.546270193624643596e+01
2.550053819226494767e+01
2.553579734308090821e+01
2.557028881709074497e+01
2.560531707504238952e+01
2.564068179070394038e+01
2.567627297503161543e+01
2.571257822473050680e+01
2.574833247729014474e+01
2.578457375898803861e+01
2.582123353469509652e+01
2.585629089192607566e+01
2.589326047611672621e+01
2.592806549821417406e+01
2.596458014659532054e+01
2.600032838034540461e+01
2.603463790351097273e+01
2.606950640647117012e+01
2.610550093680494044e+01
2.614157641080043959e+01
2.617724662751798803e+01
2.621411077876910056e+01
2.625001617978237434e+01
2.628674727708499859e+01
2.632287860840249039e+01
2.635693829522379161e+01
2.639004621903918135e+01
2.642549616739027130e+01
2.646079189852231295e+01
2.649555376622900127e+01
2.652939513262165860e+01
2.656581280521620769e+01
2.660361883331597355e+01
2.664104372942869503e+01
2.667648857643945703e+01
2.671354331101164092e+01
2.675413856588490091e+01
2.679500366173308734e+01
2.683641541053030011e+01
2.687690108928973842e+01
2.691819947049149064e+01
2.695483108866871902e+01
2.699387766838298575e+01
2.703366641945736504e+01
2.707153676142090859e+01
2.711129322928960050e+01
2.714994883160786898e+01
2.718838165254896566e+01
2.722421079331519778e+01
2.726041174244766907e+01
2.729737792833424948e+01
2.733384475274752745e+01
2.736850742363029454e+01
2.740350329276770225e+01
2.743705564038893030e+01
2.747236547414944496e+01
2.750933564634928530e+01
2.754480813374937043e+01
2.757999045424725182e+01
2.761825331269517037e+01
2.765573522704952936e+01
2.769328237663832937e+01
2.773317157982387116e+01
2.777248940745052508e+01
2.781349796828083143e+01
2.785298701894272710e+01
2.789342971480473210e+01
2.793467905550441444e+01
2.797497699713608910e+01
2.801573780932383073e+01
2.805712692253427676e+01
2.809776516469094076e+01
2.813643557134103190e+01
2.817701737437475273e+01
2.821630909438727031e+01
2.825671097350636174e+01
2.829689895457800830e+01
2.833727152214492762e+01
2.837801275209911722e+01
2.841794661733354133e+01
2.845742070096356713e+01
2.849523736769232940e+01
2.853501216169335564e+01
2.857347406032733872e+01
2.861179076001554478e+01
2.865173972324020468e+01
2.869362577275275328e+01
2.873508406096656742e+01
2.877666938263893925e+01
2.881761770809821499e+01
2.885812356808466106e+01
2.889758752955772891e+01
2.893750855951466150e+01
2.897668663454388494e+01
2.901708489011789993e+01
2.905725348560081400e+01
2.909816608140882721e+01
2.914144714012880399e+01
2.918293622061658255e+01
2.922494094885422911e+01
2.926665651859309136e+01
2.930639661888680081e+01
2.934557287664194902e+01
2.938337620741375034e+01
2.942396317790487714e+01
2.946363307039613844e+01
2.950408834272016279e+01
2.954637933686199602e+01
2.958619001494771084e+01
2.962693373359448756e+01
2.966882155035291646e+01
2.970619821738795352e+01
2.974389652240473936e+01
2.978342608581495554e+01
2.982262525053012681e+01
2.986255934814088775e+01
2.990297747513588078e+01
2.994263606761298746e+01
2.998285154668972652e+01
3.002339516251355889e+01
3.006387412871736942e+01
3.010240523284358716e+01
3.014269448054065137e+01
3.018316910920648155e+01
3.022216681380875158e+01
3.026040470495432544e+01
3.030013991343232860e+01
3.033985963521823592e+01
3.037818488171026488e+01
3.041510419363129714e+01
3.045350518543906659e+01
3.049305565487232883e+01
3.053246671116576039e+01
3.057331678547636500e+01
3.061455457162338334e+01
3.065456008920640940e+01
3.069353140301566185e+01
3.073294615936540453e+01
3.077164420634002084e+01
3.081163322449447506e+01
3.085305455366498251e+01
3.089339707256121415e+01
3.093251254027270747e+01
3.097162589515599862e+01
3.101062849498369900e+01
3.104977353057843459e+01
3.109013162981025147e+01
3.113162881972250773e+01
3.117353984275338519e+01
3.121454615776636032e+01
3.125500211145821794e+01
3.129692263043605749e+01
3.133906690769777370e+01
3.138079317402388924e+01
3.142336082903860728e+01
3.146683681077699646e+01
3.150720059662394235e+01
3.154734181814551164e+01
3.158745350425730791e+01
3.163021161806106107e+01
3.166877526189485081e+01
3.170866225510842185e+01
3.174784635117321940e+01
3.178831369739359403e+01
3.182905081300719985e+01
3.186906424253634285e+01
3.190939336091046385e+01
3.194927274470994050e+01
3.198831197692831552e+01
3.203086543677206777e+01
3.207079971863783641e+01
3.211218752447222613e+01
3.215307581671336123e+01
3.219487599571697700e+01
3.223655971684484456e+01
3.227956782788461965e+01
3.232211400808436963e+01
3.236502116564325604e+01
3.240716590323780366e+01
3.244935790939906184e+01
3.249407549558921460e+01
3.253755700855065669e+01
3.258080848564338794e+01
3.262490153719549824e+01
3.266999944310448001e+01
3.271404561123544852e+01
3.275783110663923736e+01
3.280214996780774328e+01
3.284726940199149681e+01
3.289120426602493552e+01
3.293572486373794561e+01
3.298204680736823491e+01
3.302730719121031910e+01
3.307350885340947855e+01
3.312031089759064884e+01
3.316725514449700540e+01
3.321516391747938002e+01
3.326292378649264236e+01
3.331146465194454720e+01
3.335732896005363557e+01
3.340286599622329788e+01
3.344865574155538468e+01
3.349501270762361571e+01
3.354096831257924549e+01
3.358743306467333412e+01
3.363175478635833571e+01
3.367604459798852901e+01
3.372092701063079545e+01
3.376614941285093607e+01
3.381037820509259006e+01
3.385552087790399867e+01
3.389975631464617578e+01
3.394375526522937747e+01
3.399000942555728955e+01
3.403516347292114119e+01
3.407955901383060393e+01
3.412496395504668811e+01
3.416803637543639383e+01
3.421001057695458059e+01
3.425328253134975398e+01
3.429581273651398732e+01
3.434009289949045041e+01
3.438416699320109871e+01
3.442709880929418631e+01
3.446911095537036118e+01
3.451097095204786314e+01
3.455218791503298092e+01
3.459511397258732757e+01
3.463475802451550578e+01
3.467489835737153925e+01
3.471491316115976389e+01
