10000.0 0.12763499918935403
20000.0 0.21387909804104682
30000.0 0.29226993107217997
40000.0 0.3666640498325932
50000.0 0.4387561689653712
60000.0 0.5092940256245172
70000.0 0.5786152179440788
80000.0 0.646799393589318
90000.0 0.7139782705097568
100000.0 0.7811753236859271
110000.0 0.8474091725412276
120000.0 0.9123541060549588
130000.0 0.9773827388161647
140000.0 1.0420348437515106
150000.0 1.1065004238241498
160000.0 1.1703622055724963
170000.0 1.2339475830135513
180000.0 1.2973017181747786
190000.0 1.3601692426506389
200000.0 1.4224943154068392
210000.0 1.4848766828908793
220000.0 1.5475440486152425
230000.0 1.609259031398223
240000.0 1.6703755861364782
250000.0 1.7312690138494362
260000.0 1.7928239286439844
270000.0 1.8540348817097465
280000.0 1.9148532750795721
290000.0 1.9753343757407076
300000.0 2.03541880284704
310000.0 2.0955780508308366
320000.0 2.1556767094303826
330000.0 2.21564404123793
340000.0 2.2751444588554803
350000.0 2.3349400140616137
360000.0 2.3945398121101684
370000.0 2.453815308525125
380000.0 2.5126658766018823
390000.0 2.5712079524121276
400000.0 2.6297690199975032
410000.0 2.688682389929215
420000.0 2.7466753939860418
430000.0 2.8044521358348824
440000.0 2.862618390897481
450000.0 2.9200732996167
460000.0 2.9773763689156114
470000.0 3.0344845303057757
480000.0 3.091972245927084
490000.0 3.1492816009757014
500000.0 3.206038378154928
510000.0 3.2621765336112287
520000.0 3.318055705976615
530000.0 3.3743351694151302
540000.0 3.43025389470149
550000.0 3.4865435515484937
560000.0 3.5425692997053875
570000.0 3.5986198987873963
580000.0 3.6542989185085593
590000.0 3.70915147576997
600000.0 3.764195330143011
610000.0 3.819115474169165
620000.0 3.874242408970975
630000.0 3.9290652551499963
640000.0 3.983790868639628
650000.0 4.038276273403419
660000.0 4.0924273370612285
670000.0 4.1468473064480085
680000.0 4.20117230595474
690000.0 4.255182494298557
700000.0 4.308843708808257
710000.0 4.363249081727686
720000.0 4.4177562636769805
730000.0 4.4713373404664605
740000.0 4.525334904171793
750000.0 4.579082197125997
760000.0 4.632932703447556
770000.0 4.686367309659504
780000.0 4.740168248724842
790000.0 4.794133436149558
800000.0 4.848804850649175
810000.0 4.903330346614664
820000.0 4.956923638472239
830000.0 5.010307941741596
840000.0 5.0639038575246165
850000.0 5.11655939071402
860000.0 5.169002488368496
870000.0 5.2218405297787145
880000.0 5.274439217244903
890000.0 5.327330580862605
900000.0 5.379924469774831
910000.0 5.432550883596916
920000.0 5.48475926911658
930000.0 5.536428880947214
940000.0 5.588360958768809
950000.0 5.640201858809371
960000.0 5.691387507703182
970000.0 5.742468572947817
980000.0 5.793800041960195
990000.0 5.845405350785326
1000000.0 5.897198703666674
1010000.0 5.948648816820477
1020000.0 5.9996721360724035
1030000.0 6.050889420321712
1040000.0 6.1031198273793805
1050000.0 6.155198424831061
1060000.0 6.20718472632219
1070000.0 6.258526243591662
1080000.0 6.309603094255817
1090000.0 6.3613118461640505
1100000.0 6.412179891836086
1110000.0 6.463279714622982
1120000.0 6.51470099075685
1130000.0 6.566035402107963
1140000.0 6.617725738267686
1150000.0 6.668773573272767
1160000.0 6.720040060621803
1170000.0 6.771319700947262
1180000.0 6.822409842086403
1190000.0 6.873322066690471
1200000.0 6.923822159589074
1210000.0 6.97462039912912
1220000.0 7.02483858527268
1230000.0 7.074769977294004
1240000.0 7.124556326824184
1250000.0 7.174201849524351
1260000.0 7.223833927186487
1270000.0 7.273589527290237
1280000.0 7.323246786169537
1290000.0 7.37295923350202
1300000.0 7.422523245406147
1310000.0 7.471820210160259
1320000.0 7.520780761910908
1330000.0 7.569342447520652
1340000.0 7.6181278332695745
1350000.0 7.667372217659276
1360000.0 7.716540127195181
1370000.0 7.765579201753683
1380000.0 7.814858018343922
1390000.0 7.863689858941373
1400000.0 7.913297339332035
1410000.0 7.962629087537249
1420000.0 8.011730409077622
1430000.0 8.061147180452595
1440000.0 8.110828362328975
1450000.0 8.160318833950383
1460000.0 8.209467974385015
1470000.0 8.258795130258243
1480000.0 8.308542567860304
1490000.0 8.357717889109173
1500000.0 8.406328859985774
1510000.0 8.455267770246316
1520000.0 8.50467391860773
1530000.0 8.554040493987044
1540000.0 8.602913166646529
1550000.0 8.651856522190975
1560000.0 8.701289603971352
1570000.0 8.750477491794523
1580000.0 8.799444950051695
1590000.0 8.847533852244155
1600000.0 8.895332388786802
1610000.0 8.943058212535453
1620000.0 8.990525631302157
1630000.0 9.038058912937217
1640000.0 9.085396550944914
1650000.0 9.133153572918479
1660000.0 9.181006560309571
1670000.0 9.228592917303693
1680000.0 9.27603043312464
1690000.0 9.323374766334467
1700000.0 9.371191770059788
1710000.0 9.418732163573033
1720000.0 9.466235863259973
1730000.0 9.51382650302405
1740000.0 9.561499416075318
1750000.0 9.609420663016484
1760000.0 9.656786918820496
1770000.0 9.70486584816216
1780000.0 9.752093507932237
1790000.0 9.799725179589803
1800000.0 9.846517874656879
1810000.0 9.893338667753923
1820000.0 9.940021472405961
1830000.0 9.986961498908874
1840000.0 10.03390215454267
1850000.0 10.08106317539711
1860000.0 10.127854583621133
1870000.0 10.17399636640438
1880000.0 10.220668228056729
1890000.0 10.266920322113737
1900000.0 10.313227758543544
1910000.0 10.359471235822117
1920000.0 10.406278227684012
1930000.0 10.45299746657182
1940000.0 10.499093750336293
1950000.0 10.545845866128412
1960000.0 10.591496784595488
1970000.0 10.637278727644313
1980000.0 10.683035751638872
1990000.0 10.728814329960027
2000000.0 10.774836306996082
2010000.0 10.820699439035788
2020000.0 10.866477296951494
2030000.0 10.912401405638741
2040000.0 10.95865691202441
2050000.0 11.004358511829942
2060000.0 11.049955745060744
2070000.0 11.095855710253131
2080000.0 11.141488632837527
2090000.0 11.18747835472733
2100000.0 11.233637720205076
2110000.0 11.279282307721758
2120000.0 11.324394984665693
2130000.0 11.36960528532958
2140000.0 11.41471618874168
2150000.0 11.459733316346508
2160000.0 11.505359137501477
2170000.0 11.550348704174532
2180000.0 11.59605535697136
2190000.0 11.642205181498058
2200000.0 11.687958663990171
2210000.0 11.733842334976922
2220000.0 11.780180263471202
2230000.0 11.826943453710669
2240000.0 11.872996901333792
2250000.0 11.918734836352902
2260000.0 11.964051557003215
2270000.0 12.009108474831258
2280000.0 12.054604619695443
2290000.0 12.09971450962371
2300000.0 12.144451248349542
2310000.0 12.189752290418745
2320000.0 12.235053530334127
2330000.0 12.280588806584655
2340000.0 12.325651826668144
2350000.0 12.370462691736842
2360000.0 12.416106599417319
2370000.0 12.461206443247088
2380000.0 12.506173954767554
2390000.0 12.55169241354244
2400000.0 12.596441810428967
2410000.0 12.641014207255607
2420000.0 12.686347263626656
2430000.0 12.731921606749221
2440000.0 12.77709399125878
2450000.0 12.82246580689554
2460000.0 12.867615262473448
2470000.0 12.912715159947087
2480000.0 12.95804286167182
2490000.0 13.00322203917612
2500000.0 13.04889761021708
2510000.0 13.093058924403874
2520000.0 13.137355528744518
2530000.0 13.182059728583292
2540000.0 13.226232164215912
2550000.0 13.270539187364532
2560000.0 13.31469271574795
2570000.0 13.358358462504766
2580000.0 13.4012873186302
2590000.0 13.443906494014273
2600000.0 13.486131937318373
2610000.0 13.528494776375135
2620000.0 13.570637541083675
2630000.0 13.612378881638092
2640000.0 13.654448389887
2650000.0 13.695725929077042
2660000.0 13.737268768290617
2670000.0 13.778708185465671
2680000.0 13.820408573574326
2690000.0 13.861683137343919
2700000.0 13.903036616556781
2710000.0 13.944531050768457
2720000.0 13.985853042406056
2730000.0 14.027245370077878
2740000.0 14.0686643954302
2750000.0 14.109536650518335
2760000.0 14.15064216969162
2770000.0 14.191797291693828
2780000.0 14.233369701767751
2790000.0 14.274168139699151
2800000.0 14.315106739726371
2810000.0 14.356287690598661
2820000.0 14.39698310459507
2830000.0 14.438072616258536
2840000.0 14.478781757956677
2850000.0 14.519957642346556
2860000.0 14.56163674570978
2870000.0 14.602667573467196
2880000.0 14.643746505296555
2890000.0 14.685342095072032
2900000.0 14.72656501556715
2910000.0 14.767934267374018
2920000.0 14.809253347553382
2930000.0 14.849431906847801
2940000.0 14.88986033699107
2950000.0 14.929568847824996
2960000.0 14.96915262483308
2970000.0 15.008972982794008
2980000.0 15.049102571682612
2990000.0 15.08892572562712
3000000.0 15.129664995177404
3010000.0 15.170235781166134
3020000.0 15.211411251184403
3030000.0 15.25272052907243
3040000.0 15.2941158245696
3050000.0 15.335668082650692
3060000.0 15.37687287467367
3070000.0 15.417149938778133
3080000.0 15.456968317639602
3090000.0 15.497493100865244
3100000.0 15.537736379132545
3110000.0 15.57873931750851
3120000.0 15.619783370697608
3130000.0 15.660935255597646
3140000.0 15.701886201976269
3150000.0 15.743047145193566
3160000.0 15.784080528729525
3170000.0 15.825331199876333
3180000.0 15.865638444124608
3190000.0 15.906615939616296
3200000.0 15.947556689205896
3210000.0 15.987756079723654
3220000.0 16.02830261208992
3230000.0 16.069021065199177
3240000.0 16.108981206568043
3250000.0 16.149002344442895
3260000.0 16.189103134895785
3270000.0 16.22894603417437
3280000.0 16.26893419778604
3290000.0 16.308755382166726
3300000.0 16.3484291010543
3310000.0 16.388510727993495
3320000.0 16.428483599193715
3330000.0 16.46864859783808
3340000.0 16.509087618505003
3350000.0 16.549491955823626
3360000.0 16.5896316108174
3370000.0 16.62985602611886
3380000.0 16.669950565929508
3390000.0 16.70946900016226
3400000.0 16.749837825652925
3410000.0 16.79000790599094
3420000.0 16.830596408772053
3430000.0 16.87089690526856
3440000.0 16.911027186860625
3450000.0 16.95026973081188
3460000.0 16.9898425710088
3470000.0 17.028626843632047
3480000.0 17.067786665498666
3490000.0 17.106425214766922
3500000.0 17.1450473332763
3510000.0 17.183263477342933
3520000.0 17.221425177156256
3530000.0 17.260275920739844
3540000.0 17.298975655851496
3550000.0 17.33711578293849
3560000.0 17.375683015711473
3570000.0 17.413703743526835
3580000.0 17.451481230207463
3590000.0 17.488788205733066
3600000.0 17.52600988033986
3610000.0 17.56329814677894
3620000.0 17.600711684835485
3630000.0 17.638433675824565
3640000.0 17.676330855179025
3650000.0 17.714041921455426
3660000.0 17.75185449907859
3670000.0 17.78968366206204
3680000.0 17.826909806463814
3690000.0 17.86514357441231
3700000.0 17.903239963921187
3710000.0 17.941611412291646
3720000.0 17.978944116033734
3730000.0 18.016165258472345
3740000.0 18.053095816663017
3750000.0 18.08989887981881
3760000.0 18.126879493213085
3770000.0 18.16422384528534
3780000.0 18.201491014067823
3790000.0 18.23901294329975
3800000.0 18.27579175290535
3810000.0 18.312071722076226
3820000.0 18.349245519561556
3830000.0 18.386346501398638
3840000.0 18.423866854701117
3850000.0 18.461476477182025
3860000.0 18.49843454509024
3870000.0 18.535492482758688
3880000.0 18.57255699194959
3890000.0 18.60961307824151
3900000.0 18.64596390897387
3910000.0 18.682235683185073
3920000.0 18.719074792773387
3930000.0 18.755739118145094
3940000.0 18.791563266937985
3950000.0 18.82802079361129
3960000.0 18.863994695683743
3970000.0 18.900043854713033
3980000.0 18.93692565112166
3990000.0 18.973083252806727
4000000.0 19.009261690160336
4010000.0 19.04552934704553
4020000.0 19.08171769037903
4030000.0 19.11759264433175
4040000.0 19.152996547053654
4050000.0 19.188774854503222
4060000.0 19.224323242015966
4070000.0 19.260328873197377
4080000.0 19.296377116183105
4090000.0 19.332297800191796
4100000.0 19.368174440800036
4110000.0 19.403996515175944
4120000.0 19.4399981370925
4130000.0 19.475903157611818
4140000.0 19.511500391882837
4150000.0 19.54686442609
4160000.0 19.582409895641756
4170000.0 19.617938036294913
4180000.0 19.653067008589883
4190000.0 19.688007508112467
4200000.0 19.723145816915103
4210000.0 19.75802420281996
4220000.0 19.792323546692796
4230000.0 19.82708764178595
4240000.0 19.861791136332144
4250000.0 19.895753391524774
4260000.0 19.930460316549862
4270000.0 19.964665606448335
4280000.0 19.99929681547063
4290000.0 20.033676425539202
4300000.0 20.068244920489253
4310000.0 20.103037041155684
4320000.0 20.13761498661906
4330000.0 20.17197061672523
4340000.0 20.2062112685494
4350000.0 20.24042542005502
4360000.0 20.274318914819503
4370000.0 20.308123912088178
4380000.0 20.34262584296027
4390000.0 20.377255829869124
4400000.0 20.411274742371333
4410000.0 20.445321136384493
4420000.0 20.479481655951222
4430000.0 20.513743682388295
4440000.0 20.5481641344329
4450000.0 20.582513402979025
4460000.0 20.617247297258526
4470000.0 20.652013092317553
4480000.0 20.68666307464252
4490000.0 20.722498624350507
4500000.0 20.757934412002072
4510000.0 20.792805140607165
4520000.0 20.82743864123923
4530000.0 20.862515336347148
4540000.0 20.897204877060535
4550000.0 20.932032123092224
4560000.0 20.967371721554148
4570000.0 21.002012337980347
4580000.0 21.036900415390654
4590000.0 21.071403612457097
4600000.0 21.105673326719895
4610000.0 21.139713153473107
4620000.0 21.173793017044
4630000.0 21.209220496602754
4640000.0 21.24454330151322
4650000.0 21.279638340334667
4660000.0 21.314884978662786
4670000.0 21.34980469632537
4680000.0 21.384510346138654
4690000.0 21.41999998289834
4700000.0 21.455290747436532
4710000.0 21.489679518318468
4720000.0 21.524671260682542
4730000.0 21.559143560387632
4740000.0 21.593656852843253
4750000.0 21.62847942622186
4760000.0 21.663182013478508
4770000.0 21.69736173952721
4780000.0 21.73118704504392
4790000.0 21.764752449347952
4800000.0 21.798320632572423
4810000.0 21.83110630657468
4820000.0 21.864507953976467
4830000.0 21.8970995530872
4840000.0 21.92954107795752
4850000.0 21.9621908669623
4860000.0 21.994952535006657
4870000.0 22.02807720047457
4880000.0 22.06107784530457
4890000.0 22.093782200114898
4900000.0 22.126692969021686
4910000.0 22.159638599625353
4920000.0 22.192144805298984
4930000.0 22.22522936717378
4940000.0 22.25793019804918
4950000.0 22.29078284615026
4960000.0 22.323763716804443
4970000.0 22.35685824383234
4980000.0 22.38983817488801
4990000.0 22.423067515776953
5000000.0 22.456100456067876
5010000.0 22.4892131468709
5020000.0 22.52266163523521
5030000.0 22.555479640008237
5040000.0 22.587872259125504
5050000.0 22.620298529334953
5060000.0 22.65379136039197
5070000.0 22.687589678140633
5080000.0 22.720840296569136
5090000.0 22.754187665597243
5100000.0 22.788111316653918
5110000.0 22.82149327836576
5120000.0 22.85487266605864
5130000.0 22.888252135763516
5140000.0 22.921516800980932
5150000.0 22.955284950967197
5160000.0 22.98879396288821
5170000.0 23.022684411208534
5180000.0 23.055571547655664
5190000.0 23.088507255976754
5200000.0 23.12118960719683
5210000.0 23.154416881335063
5220000.0 23.187129548965117
5230000.0 23.220313201020446
5240000.0 23.253303562600394
5250000.0 23.28712192175282
5260000.0 23.320953687877623
5270000.0 23.355372777476827
5280000.0 23.38976704304012
5290000.0 23.42408271329401
5300000.0 23.458286099273778
5310000.0 23.492316412571554
5320000.0 23.526655289205276
5330000.0 23.561412255243376
5340000.0 23.59578422808893
5350000.0 23.630461427668077
5360000.0 23.664991286833448
5370000.0 23.699097570568156
5380000.0 23.733468328041816
5390000.0 23.767804832537863
5400000.0 23.802244314420534
5410000.0 23.83619494690541
5420000.0 23.870248708228857
5430000.0 23.90388502766784
5440000.0 23.938187468812856
5450000.0 23.972151833690493
5460000.0 24.00687728254487
5470000.0 24.041194014316147
5480000.0 24.07559960228874
5490000.0 24.110601944257105
5500000.0 24.144899449415483
5510000.0 24.179907361840772
5520000.0 24.214597822732994
5530000.0 24.24903790383842
5540000.0 24.28381771122922
5550000.0 24.31862760444506
5560000.0 24.35372399634052
5570000.0 24.387730560164567
5580000.0 24.42236936154231
5590000.0 24.457614740346738
5600000.0 24.492349803567915
5610000.0 24.527502764261428
5620000.0 24.56188307413009
5630000.0 24.59659852374444
5640000.0 24.630561772683134
5650000.0 24.664943386605362
5660000.0 24.699805129065325
5670000.0 24.73432319815121
5680000.0 24.768628456804358
5690000.0 24.80240215986952
5700000.0 24.83648932945667
5710000.0 24.87071302169165
5720000.0 24.903535286193833
5730000.0 24.936737953249228
5740000.0 24.969994201416085
5750000.0 25.003395564159643
5760000.0 25.036643299885206
5770000.0 25.070792234215475
5780000.0 25.10466150454837
5790000.0 25.138686627805967
5800000.0 25.17222475506005
5810000.0 25.205737810161082
5820000.0 25.239895024819358
5830000.0 25.274071036257418
5840000.0 25.309561193778098
5850000.0 25.343830301455128
5860000.0 25.378468701838518
5870000.0 25.41410454396728
5880000.0 25.448922767933922
5890000.0 25.48445431395402
5900000.0 25.51999457704602
5910000.0 25.554832818417243
5920000.0 25.590399610705504
5930000.0 25.62576660873279
5940000.0 25.661431884900423
5950000.0 25.696590156161843
5960000.0 25.73161907336369
5970000.0 25.766516607870134
5980000.0 25.801283524010714
5990000.0 25.83646539035865
6000000.0 25.872106540073666
6010000.0 25.90781706321248
6020000.0 25.943281874264642
6030000.0 25.979241349472556
6040000.0 26.015299620822656
6050000.0 26.05093945111662
6060000.0 26.087626847785373
6070000.0 26.123511050931132
6080000.0 26.15878423578631
6090000.0 26.194683673228432
6100000.0 26.230557380234504
6110000.0 26.266462048250467
6120000.0 26.303159056339506
6130000.0 26.339298363459402
6140000.0 26.37462284867259
6150000.0 26.41108795442854
6160000.0 26.44688617752056
6170000.0 26.482403804403333
6180000.0 26.517232592702804
6190000.0 26.552425543623453
6200000.0 26.58783218410677
6210000.0 26.623106644707413
6220000.0 26.658226817003538
6230000.0 26.693066873552517
6240000.0 26.727852481728576
6250000.0 26.7631134664838
6260000.0 26.79826014962892
6270000.0 26.833476180662483
6280000.0 26.868417180110743
6290000.0 26.90386671422512
6300000.0 26.93922741657632
6310000.0 26.974899220392842
6320000.0 27.01062055212063
6330000.0 27.046549329141175
6340000.0 27.082362749407704
6350000.0 27.118248499801997
6360000.0 27.154341448768278
6370000.0 27.19024742022622
6380000.0 27.226437838439715
6390000.0 27.26217715950262
6400000.0 27.298426279272324
6410000.0 27.335044743709968
6420000.0 27.37183612454122
6430000.0 27.409421120538127
6440000.0 27.446264384100132
6450000.0 27.48273752014195
6460000.0 27.520208723829455
6470000.0 27.557654535207785
6480000.0 27.594506666815764
6490000.0 27.631541715674345
6500000.0 27.668296147858506
6510000.0 27.705333407774425
6520000.0 27.74225783094804
6530000.0 27.779777551068445
6540000.0 27.81759072433046
6550000.0 27.854995683748903
6560000.0 27.892358656919566
6570000.0 27.930201580235217
6580000.0 27.96811697393443
6590000.0 28.005769025529755
6600000.0 28.043579935082423
6610000.0 28.081452981387365
6620000.0 28.119457689546625
6630000.0 28.156163413949667
6640000.0 28.193288804576742
6650000.0 28.229857003075555
6660000.0 28.267242330619077
6670000.0 28.304574886727302
6680000.0 28.341373473580205
6690000.0 28.378058387854953
6700000.0 28.41496563658459
6710000.0 28.452629414914405
6720000.0 28.489708296829267
6730000.0 28.526890792145455
6740000.0 28.5645616786019
6750000.0 28.602384318409403
6760000.0 28.640945626143903
6770000.0 28.678828305306073
6780000.0 28.716546236182293
6790000.0 28.75518272235758
6800000.0 28.792869529884815
6810000.0 28.830012483974247
6820000.0 28.866447749238336
6830000.0 28.90255342972545
6840000.0 28.93847429980405
6850000.0 28.974546726251045
6860000.0 29.010737950623206
6870000.0 29.046652023154675
6880000.0 29.083463492741377
6890000.0 29.119871513103515
6900000.0 29.154974638551515
6910000.0 29.19116961001652
6920000.0 29.22655887258485
6930000.0 29.26290263067799
6940000.0 29.299222706762222
6950000.0 29.335402279089404
6960000.0 29.37139785916408
6970000.0 29.407705689403013
6980000.0 29.444277396784646
6990000.0 29.47992231070018
7000000.0 29.515835650368572
7010000.0 29.55157924013041
7020000.0 29.587182701131113
7030000.0 29.622478217109755
7040000.0 29.658469683448658
7050000.0 29.694272966858122
7060000.0 29.729555421216958
7070000.0 29.76518259361317
7080000.0 29.80107753012799
7090000.0 29.837243874281775
7100000.0 29.873045219494035
7110000.0 29.90813732468303
7120000.0 29.9430312528143
7130000.0 29.978032860549764
7140000.0 30.013391886516022
7150000.0 30.048759232282695
7160000.0 30.083820319149734
7170000.0 30.11900752436832
7180000.0 30.154225610822362
7190000.0 30.189461613574114
7200000.0 30.225406161487285
7210000.0 30.260672092574822
7220000.0 30.295749247896364
7230000.0 30.33200571803542
7240000.0 30.367481166164826
7250000.0 30.404125978844426
7260000.0 30.44019354464494
7270000.0 30.475723838917688
7280000.0 30.51217973672927
7290000.0 30.548500255154952
7300000.0 30.584180686066766
7310000.0 30.62015586722686
7320000.0 30.6564179985715
7330000.0 30.692345728616274
7340000.0 30.72837977298083
7350000.0 30.763710845246475
7360000.0 30.79944097723619
7370000.0 30.835030067013772
7380000.0 30.871153740314877
7390000.0 30.906719594775655
7400000.0 30.942160401014128
7410000.0 30.976461656217623
7420000.0 31.01149339311406
7430000.0 31.045557091117296
7440000.0 31.079521027104843
7450000.0 31.11285962230972
7460000.0 31.146430360983985
7470000.0 31.179515495320622
7480000.0 31.212922810765058
7490000.0 31.246766662041846
7500000.0 31.279741890977554
