0.000000000000000000e+00
1.591148000234922921e-01
2.650891465159092020e-01
3.600658152676802226e-01
4.488217336352431919e-01
5.341922969654734343e-01
6.169199645605148996e-01
6.966484318697276912e-01
7.738564882373906162e-01
8.504978596729930729e-01
9.256061554259222834e-01
9.993992754633440612e-01
1.072499044989954520e+00
1.144573709775795090e+00
1.216592430572117856e+00
1.286835457670378657e+00
1.356547483119567854e+00
1.424924846239510101e+00
1.492378175673972684e+00
1.560112210152219792e+00
1.626450231618547404e+00
1.693621024378483053e+00
1.758702528176593782e+00
1.824154836257091183e+00
1.889410964839637774e+00
1.952771856695410424e+00
2.017003478774011871e+00
2.080386116647065187e+00
2.142797549687365244e+00
2.204904710965285286e+00
2.266887650376176566e+00
2.330229722479411514e+00
2.393939316024029207e+00
2.456659934767709608e+00
2.519010937318542975e+00
2.581574627625016216e+00
2.643709202299755479e+00
2.705242446272660306e+00
2.766368346434119552e+00
2.827341186100855275e+00
2.888285600822419585e+00
2.947723271640247056e+00
3.007564967107417164e+00
3.066407363676249442e+00
3.126261826997501103e+00
3.185373586997541473e+00
3.244678272161319654e+00
3.304162961743223104e+00
3.362937470692144881e+00
3.421567318682401826e+00
3.479215786436775648e+00
3.536437312289244517e+00
3.591881156523448304e+00
3.648167463233026098e+00
3.705118058841857298e+00
3.760700288976660310e+00
3.817254462599721787e+00
3.872374077552195537e+00
3.928819345220166515e+00
3.985014987693143773e+00
4.039584541231675985e+00
4.093665753250724570e+00
4.149663049196345099e+00
4.205638783214555865e+00
4.263034891541339633e+00
4.318278901510172574e+00
4.374535466344306123e+00
4.431501383986883091e+00
4.487059985798305561e+00
4.542831232475671221e+00
4.599182310568418863e+00
4.654325218230034089e+00
4.708948067551411043e+00
4.762797974137372492e+00
4.817294851855628224e+00
4.872720655675343515e+00
4.927478925513312902e+00
4.981840852535104780e+00
5.037264992061238900e+00
5.092816548268759291e+00
5.148397220900442939e+00
5.204271457763685049e+00
5.260142953877731564e+00
5.313922965722994718e+00
5.367614648556920720e+00
5.422402805391568492e+00
5.477018042233808615e+00
5.531349672779296789e+00
5.585231770557097519e+00
5.638751016503094959e+00
5.692471863148506728e+00
5.748013590099530390e+00
5.803039838339507206e+00
5.857446280313464371e+00
5.910163612431147406e+00
5.961748394055371492e+00
6.014070404330596809e+00
6.067504939606017444e+00
6.119646796620788365e+00
6.172675874561305065e+00
6.225525585244959359e+00
6.277800011282082870e+00
6.329499858618300223e+00
6.381305427013319154e+00
6.434511319275281416e+00
6.488721201780554004e+00
6.542821302983895748e+00
6.598113384460297937e+00
6.652514908926118409e+00
6.707644410507551669e+00
6.762920389018214351e+00
6.816797983459447430e+00
6.871325326509851728e+00
6.925229555528394698e+00
6.978445497195851388e+00
7.030014305986043155e+00
7.080467110995915192e+00
7.130753590434450118e+00
7.181204072547554773e+00
7.232577893145039738e+00
7.284042617179053103e+00
7.334857760914805347e+00
7.383860720997347471e+00
7.432966158703258941e+00
7.481570581879055659e+00
7.530671089162251697e+00
7.579388661221394763e+00
7.629161302743439954e+00
7.678422148610531295e+00
7.728373552007707481e+00
7.778163937283618878e+00
7.827166840744395060e+00
7.876893783445015451e+00
7.926700230771065669e+00
7.976240378660937935e+00
8.025517061616543657e+00
8.075149163480991987e+00
8.125183711139230880e+00
8.174658040351060251e+00
8.224414276753890363e+00
8.272385754532180613e+00
8.320323781053486911e+00
8.368973876622566976e+00
8.418934144737727721e+00
8.468696372898493863e+00
8.518527045541565812e+00
8.569710547634352693e+00
8.619743823754674850e+00
8.670899819012896970e+00
8.721600885537785786e+00
8.771171282423226856e+00
8.821498259902636363e+00
8.873278040123528498e+00
8.924258769840832883e+00
8.974942939687608146e+00
9.023678379720065479e+00
9.071823180177549517e+00
9.121207878917278578e+00
9.171178353785117920e+00
9.222637091797743381e+00
9.274129083436278620e+00
9.326830538611876165e+00
9.378737346221049265e+00
9.430289839871390356e+00
9.482804480180721640e+00
9.533092033888740602e+00
9.586297875993512463e+00
9.637977660943832348e+00
9.689621139980509668e+00
9.742731347258287045e+00
9.792506265005338051e+00
9.843325344847132286e+00
9.895842176660728740e+00
9.947835435601831477e+00
1.000005812935960847e+01
1.005205198445756487e+01
1.010636907276254348e+01
1.016110920641754056e+01
1.021516124150027061e+01
1.027075178769290709e+01
1.032497070169277897e+01
1.037974800840634870e+01
1.043535222139128038e+01
1.049102211335982915e+01
1.054691236560617362e+01
1.060335593822171774e+01
1.065859431506309285e+01
1.071541397595221845e+01
1.077398912268513875e+01
1.083137765940981190e+01
1.088999360688237594e+01
1.094833904423832571e+01
1.100672926706371868e+01
1.106331429897176477e+01
1.112016301439846799e+01
1.117747285499118881e+01
1.123351681075126152e+01
1.129050840837217251e+01
1.134794645817230752e+01
1.140610924956389738e+01
1.146405230886122517e+01
1.152131870136268788e+01
1.157967010720856393e+01
1.163869663483444405e+01
1.169787188836252412e+01
1.175696241627699123e+01
1.181419044384768924e+01
1.187066320749297077e+01
1.192671210780755686e+01
1.198362734970364585e+01
1.203956551327980407e+01
1.209482836905059955e+01
1.215148133030347033e+01
1.220762937462948194e+01
1.226508368178841835e+01
1.232127539210751976e+01
1.237809669496564702e+01
1.243549923397943857e+01
1.249368398285440307e+01
1.254889587048332800e+01
1.260588101609886458e+01
1.266103280666332154e+01
1.271750919234584387e+01
1.277395289731007644e+01
1.283126198944912844e+01
1.288641432436485523e+01
1.294089213519633752e+01
1.299800495304738313e+01
1.305444457282604276e+01
1.311058536657864337e+01
1.316911616685693076e+01
1.322706787441355125e+01
1.328394074410637238e+01
1.334226294371347166e+01
1.339914015882201603e+01
1.345677784113830988e+01
1.351399992115842430e+01
1.357235244498831328e+01
1.362965005848740496e+01
1.368685411314260669e+01
1.374575683423715944e+01
1.380490449028599009e+01
1.386376794296053028e+01
1.392225913320259778e+01
1.398077700176142280e+01
1.403892701639700036e+01
1.409614326863073330e+01
1.415587683084971360e+01
1.421452624406958876e+01
1.427083051722899754e+01
1.432743461445855537e+01
1.438595487775693194e+01
1.444372648446797314e+01
1.450108440654349451e+01
1.455807542428386547e+01
1.461251488506625229e+01
1.466622823541338327e+01
1.471886996305223860e+01
1.477081239800957313e+01
1.482317049256277031e+01
1.487645684787665346e+01
1.492713992551752078e+01
1.497740174395116952e+01
1.502725381633390889e+01
1.507873186561250023e+01
1.512784235657098009e+01
1.517851817890346311e+01
1.522810588475121740e+01
1.527661167583307567e+01
1.532553859665047113e+01
1.537439170897564900e+01
1.542196193585475328e+01
1.546874943530961311e+01
1.551587946301479093e+01
1.556381228972262498e+01
1.561290965401438946e+01
1.566175101424678395e+01
1.571139438056274251e+01
1.576012678696597824e+01
1.581034753120132308e+01
1.586002572362873231e+01
1.590992234679819362e+01
1.596019332502836363e+01
1.600825745739889783e+01
1.605436380182095490e+01
1.610387324525698460e+01
1.615336193457346781e+01
1.620297689617706638e+01
1.625499010809715728e+01
1.630570306462655594e+01
1.635348635195557065e+01
1.640406049145821399e+01
1.645367763350702717e+01
1.650260574151219117e+01
1.655126885446515672e+01
1.659972742410506186e+01
1.664866307522613909e+01
1.669732429570239063e+01
1.674508534154595552e+01
1.679303073386352807e+01
1.684218915418552953e+01
1.689127643933701250e+01
1.694027480181584266e+01
1.698723548527107852e+01
1.703505266122668971e+01
1.708013976583394467e+01
1.712623614040371223e+01
1.717128505033168295e+01
1.721585479920500461e+01
1.726335854003362158e+01
1.731063252085834492e+01
1.735709901229630248e+01
1.740448667424464446e+01
1.745142617149989306e+01
1.749897971974082722e+01
1.754600757483391860e+01
1.759368601774143315e+01
1.764172727742824165e+01
1.768864553429079223e+01
1.773414798330536613e+01
1.778190536794880927e+01
1.782897554410581265e+01
1.787461030445619059e+01
1.792336387391781471e+01
1.797046352065527941e+01
1.801904208487516712e+01
1.806725726207868021e+01
1.811578324000304008e+01
1.816293551887395097e+01
1.821122696272793462e+01
1.825909665540895688e+01
1.830601403844668340e+01
1.835200876296629957e+01
1.839830907532138582e+01
1.844609113987813842e+01
1.849513690328613080e+01
1.854438549074845000e+01
1.859379746803558575e+01
1.864382947873125218e+01
1.869288087534117082e+01
1.874153973926665273e+01
1.878974153103146705e+01
1.883876844769256564e+01
1.888784138343803320e+01
1.893650759778201831e+01
1.898326110626451424e+01
1.903030533805391400e+01
1.907759443525726439e+01
1.912616864207541667e+01
1.917287610337911019e+01
1.921983513525800191e+01
1.926726543769346378e+01
1.931423668433098584e+01
1.936283526098016949e+01
1.941309346270640646e+01
1.946184223642112698e+01
1.950925129176898309e+01
1.955936878049193339e+01
1.960978179761788454e+01
1.965901865680235616e+01
1.970817411849005651e+01
1.975614973392514528e+01
1.980478480732059765e+01
1.985174327503893821e+01
1.989633043552152003e+01
1.994226846037523870e+01
1.998664559428556586e+01
2.002997331448069929e+01
2.007247247638548870e+01
2.011477938057184645e+01
2.015598077233351049e+01
2.019612581857262867e+01
2.023563414278133266e+01
2.027557017417292684e+01
2.031662340965051783e+01
2.035891885511378163e+01
2.039985415797986690e+01
2.043998882332580180e+01
2.048212110920601958e+01
2.052454552462617343e+01
2.056692693087842372e+01
2.060724072054085809e+01
2.064754356847919681e+01
2.068828736540703872e+01
2.072761504984636716e+01
2.076770984850423218e+01
2.080643910604152680e+01
2.084930580951952450e+01
2.088967842085702387e+01
2.093195477404657012e+01
2.097481202215147533e+01
2.101686029412849166e+01
2.105762745299714567e+01
2.110063725745179042e+01
2.114217011000226876e+01
2.118402441250231405e+01
2.122756543763984283e+01
2.126869318553452004e+01
2.131158961648171157e+01
2.135480453197586215e+01
2.140005061913899453e+01
2.144417727733899781e+01
2.148865643363444278e+01
2.153132242899530624e+01
2.157248315857442833e+01
2.161260384415761138e+01
2.165367606846463389e+01
2.169750551322515264e+01
2.174095599434631865e+01
2.178339168622337496e+01
2.182417421021310844e+01
2.186556101588410783e+01
2.190585694163985053e+01
2.194541824373757777e+01
2.198301509224391381e+01
2.202151617816795692e+01
2.205897708780563704e+01
2.209618977408077711e+01
2.213407833001447500e+01
2.217333173787677580e+01
2.221268238676451290e+01
2.225128429827134013e+01
2.228937962379142235e+01
2.232697077509495287e+01
2.236605557724227822e+01
2.240654001492008618e+01
2.244577463886818691e+01
2.248466536834262186e+01
2.252422265500061016e+01
2.256335058284352968e+01
2.260166924212555983e+01
2.263998919175821456e+01
2.267748234893756631e+01
2.271533712173854980e+01
2.275146261126707259e+01
2.278766149510861183e+01
2.282255268113427249e+01
2.285863874195419498e+01
2.289417234684528069e+01
2.293115627304537085e+01
2.296858124496747777e+01
2.300444558225137470e+01
2.304012037082264541e+01
2.307754893572647958e+01
2.311447719355071229e+01
2.315389656007079822e+01
2.318985018018932820e+01
2.322707581491542683e+01
2.326412672873890131e+01
2.330335934247716523e+01
2.334305503618522692e+01
2.338172017698920868e+01
2.342008976565344724e+01
2.345908341068825820e+01
2.349905920482773425e+01
2.354068597380366867e+01
2.358000034742565632e+01
2.362024876685429930e+01
2.366099836744541562e+01
2.370136165696679598e+01
2.374187627685584800e+01
2.378195591195877157e+01
2.381966171161468893e+01
2.385922577118178012e+01
2.389768387893327883e+01
2.393486484007303972e+01
2.397339092002376049e+01
2.401318450522924408e+01
2.405411243527882448e+01
2.409347861945385105e+01
2.413266799499415427e+01
2.417134042054085441e+01
2.421006541916244004e+01
2.424913874717185536e+01
2.428881173616793276e+01
2.432719997150270075e+01
2.436791901008861672e+01
2.440854133458827135e+01
2.444930596785854959e+01
2.448909075486094622e+01
2.453006410492208644e+01
2.456913882473781641e+01
2.460867242777951347e+01
2.464902969299592073e+01
2.469173156308890427e+01
2.473438897798756031e+01
2.477642537001284495e+01
2.482001997345261657e+01
2.486235474212393370e+01
2.490482406012719707e+01
2.494890918267651259e+01
2.499499003018906862e+01
2.504016906328609338e+01
2.508393568113342909e+01
2.512986794444331906e+01
2.517513960895367475e+01
2.522140000322653819e+01
2.526754100900607014e+01
2.531414233616009213e+01
2.535804505449509705e+01
2.540169053457618276e+01
2.544630593945443664e+01
2.549029637154079353e+01
2.553223668832552562e+01
2.557475546099162855e+01
2.561871773677478004e+01
2.566274364037969136e+01
2.570602524632176156e+01
2.574888472434024322e+01
2.579072330558095061e+01
2.583212982026461901e+01
2.587202823063244139e+01
2.591254160918659721e+01
2.595271794626726702e+01
2.599457420646846728e+01
2.603705792706474043e+01
2.607990491941495037e+01
2.612279887356987018e+01
2.616471066445398819e+01
2.620538964562225104e+01
2.624664656902989535e+01
2.628526492887538168e+01
2.632431463762839385e+01
2.636296029430655707e+01
2.640095742995736217e+01
2.643750487373140956e+01
2.647355926332074461e+01
2.650752225771177706e+01
2.654225318870489758e+01
2.657898545972909332e+01
2.661612402781042164e+01
2.665307332167862242e+01
2.669314998260682614e+01
2.673018861512348465e+01
2.676746888824488124e+01
2.680667699840149609e+01
2.684560995885524903e+01
2.688611054819243762e+01
2.692652849648938584e+01
2.696707848969564836e+01
2.700831299364114102e+01
2.704993601051298668e+01
2.709219757129881145e+01
2.713417792450961130e+01
2.717707090700727335e+01
2.721891865503872410e+01
2.726288614842895086e+01
2.730865556387070825e+01
2.735545294776845182e+01
2.740157978636719704e+01
2.744898825999803194e+01
2.749640335609698027e+01
2.754296761109044311e+01
2.758997109863593167e+01
2.763699058253618190e+01
2.768390595915334274e+01
2.773427600824860662e+01
2.778300200659075259e+01
2.783121403596969401e+01
2.787851737909850414e+01
2.792637181119934553e+01
2.797445601888651368e+01
2.802174990392608578e+01
2.806856000298355625e+01
2.811510201566486344e+01
2.816125872579329936e+01
2.820827125390159651e+01
2.825539173628220269e+01
2.830068759638852427e+01
2.834562316470103838e+01
2.838945735431546424e+01
2.843240426405486332e+01
2.847523974372405320e+01
2.851790214856103844e+01
2.856049261779716986e+01
2.860221502591694431e+01
2.864292312123956918e+01
2.868270761478658670e+01
2.872289044314610607e+01
2.876313601238146589e+01
2.880508469682462902e+01
2.884771898572542881e+01
2.888809781649368702e+01
2.892774129064534705e+01
2.896593586629217043e+01
2.900500120002540072e+01
2.904345712485308795e+01
2.908308766625797404e+01
2.912111131102250994e+01
2.915836974151729422e+01
2.919550077200991112e+01
2.922853080831213290e+01
2.926376239808607593e+01
2.929691806087207695e+01
2.933248400073259887e+01
2.936782080528836758e+01
2.940230081895764869e+01
2.943671633453717362e+01
2.947213214049320840e+01
2.950536670872003953e+01
2.953999847256744005e+01
2.957495232287260833e+01
2.960621098399769835e+01
2.963760781814140799e+01
2.967002365037062361e+01
2.970133329721393167e+01
2.973401824719293174e+01
2.976729030246538699e+01
2.980172252096393493e+01
2.983682544374701351e+01
2.987206146508590976e+01
2.990684886660533337e+01
2.994165742172569722e+01
2.997679751877500109e+01
3.001076832793570404e+01
3.004209224757568464e+01
3.007345302410396215e+01
3.010424893680016112e+01
3.013485565605550676e+01
3.016785227476679054e+01
3.020145972789385169e+01
3.023365167178208779e+01
3.026286713023822017e+01
3.029175963625566226e+01
3.031945374979182617e+01
3.034731258377788166e+01
3.037587471074480305e+01
3.040598227050897506e+01
3.043513729389421485e+01
3.045895918577155470e+01
3.048116189823286248e+01
3.050427354262232527e+01
3.054075600301214166e+01
3.057752655565630207e+01
3.061347538968675863e+01
3.064717423187223133e+01
3.068155824783224617e+01
3.071925578884861707e+01
3.075452596317376219e+01
3.078898396044484898e+01
3.082232613563563461e+01
3.085728046367593436e+01
3.089196025657919620e+01
3.092533974954153919e+01
3.095850291896372752e+01
3.099302279876540567e+01
3.102634431822347949e+01
3.106251696439060339e+01
3.110002733931295893e+01
3.113753720017049531e+01
3.117739617529859686e+01
3.121462213433410682e+01
3.125222789673211210e+01
3.128997297561742741e+01
3.132561267017954165e+01
3.136310651706515884e+01
3.140081397842332223e+01
3.143900553203319959e+01
3.147821311316150172e+01
3.151817907422433507e+01
3.155865052555364514e+01
3.159902709534694409e+01
3.163868199552979377e+01
3.167905590249663206e+01
3.171795365216594220e+01
3.175488958076951462e+01
3.179289277341191777e+01
3.182893009959800068e+01
3.186510495712093061e+01
3.190110516627300186e+01
3.193693380203963628e+01
3.197225277898013474e+01
3.200903658752042702e+01
3.204370115672010400e+01
3.207997334405433776e+01
3.211804101217823160e+01
3.215495753953742764e+01
3.219282633068038280e+01
3.223116229252325127e+01
3.227002513458423039e+01
3.230802984985923842e+01
3.234694009774766954e+01
3.238498397956929864e+01
3.242333392112328028e+01
3.246133888804873635e+01
3.249985046344979622e+01
3.253788801257998387e+01
3.257658133561194091e+01
3.261424064354521590e+01
3.265107551745426662e+01
3.268682430517650772e+01
3.272550489022684417e+01
3.276148848106983991e+01
3.279769793544209477e+01
3.283561256524497907e+01
3.287370669720660743e+01
3.291038828978128095e+01
3.294852728164968880e+01
3.298846406403041698e+01
3.302659498208201683e+01
3.306654440602746803e+01
3.310492405142488082e+01
3.314172911225919194e+01
3.317855029045585269e+01
3.321540056378141514e+01
3.325264000676195764e+01
3.328989794713986328e+01
3.332750446749347617e+01
3.336706848540427472e+01
3.340516371079788627e+01
3.344607234522966621e+01
3.348326309069368278e+01
3.352145695445407370e+01
3.355894067299002614e+01
3.359319325165794368e+01
3.362877219691976904e+01
3.366501536190502009e+01
3.370143178468058665e+01
3.373610062699437151e+01
3.377062068880130141e+01
3.380728100608840947e+01
3.384240128712064433e+01
3.387760642981731252e+01
3.391231503917044421e+01
3.394707663495067607e+01
3.397952901365388811e+01
3.401218008162568651e+01
3.404553292500645512e+01
3.407815563926753555e+01
3.411012683175383131e+01
3.414153958663789012e+01
3.417266656593447749e+01
3.420372778649303314e+01
3.423437055268119167e+01
3.426521142199114678e+01
3.429721909889065756e+01
3.432671913927729435e+01
3.435909633595827017e+01
3.438996715301034612e+01
3.441910719597579771e+01
3.445250445072688450e+01
3.448174627117607116e+01
3.451402885135768628e+01
3.454705652974148222e+01
3.458005523655773317e+01
3.461434027825475823e+01
3.464938011010008978e+01
3.468245084140615830e+01
3.471741730645143775e+01
3.475123280253424696e+01
3.478473972317348739e+01
