0.000000000000000000e+00
1.184784502686720004e-01
1.910954470178297393e-01
2.544687016484474262e-01
3.125075268442771281e-01
3.683814472874511470e-01
4.229581660188110326e-01
4.754348079105803482e-01
5.273588178707669938e-01
5.786285974827891643e-01
6.302207750952152354e-01
6.806050235268097381e-01
7.284747395190540598e-01
7.762940665320421374e-01
8.240149265690260849e-01
8.713060246140167386e-01
9.183648274754063756e-01
9.641672541777930316e-01
1.010377582496113202e+00
1.055888004359763599e+00
1.100135094579367756e+00
1.144812677340028229e+00
1.189265508490413792e+00
1.232104009905715669e+00
1.274531944817949736e+00
1.316269413716015801e+00
1.357539583665919869e+00
1.398521441128559140e+00
1.440026644061304761e+00
1.481445469693612571e+00
1.520549640164733374e+00
1.560242231679664693e+00
1.599512627231944650e+00
1.640135478061833352e+00
1.679011470305805220e+00
1.718689962436724450e+00
1.757762205316195203e+00
1.796925012094907181e+00
1.835556492242053306e+00
1.873542003673839718e+00
1.912232376419320534e+00
1.951451476446264488e+00
1.989709660032289884e+00
2.027699031964621312e+00
2.065693549884524138e+00
2.103112308757085991e+00
2.140567533560077784e+00
2.177529637652400485e+00
2.215725561686730849e+00
2.254135047100651601e+00
2.291345884968281066e+00
2.327487876118405019e+00
2.363425743327708606e+00
2.398774353009133442e+00
2.434556818748842222e+00
2.470447055418603988e+00
2.505710037633271714e+00
2.541404593839386994e+00
2.576468852236982077e+00
2.610392006907273466e+00
2.645007910761685732e+00
2.679338091742684558e+00
2.714766715185344736e+00
2.749142754596828553e+00
2.782927308762692231e+00
2.815761201981407336e+00
2.847858887153555063e+00
2.880989327023878666e+00
2.913032167671154138e+00
2.944176913120929218e+00
2.974218715187530115e+00
3.005794540435519746e+00
3.036752544411271959e+00
3.067571819303146707e+00
3.097811594558989690e+00
3.127918538815016358e+00
3.157383776604968606e+00
3.186130696403383311e+00
3.216118785788745438e+00
3.245966893135916020e+00
3.276061258846099555e+00
3.306920912832715054e+00
3.337032544112005006e+00
3.367227042329369091e+00
3.397379767441248255e+00
3.427145285998533630e+00
3.456894015704746970e+00
3.487432671326605060e+00
3.518477722195505031e+00
3.548422812606601084e+00
3.578584251985120979e+00
3.609555356111050273e+00
3.639370090032706617e+00
3.667977249601066969e+00
3.696672959452998342e+00
3.726059777243131865e+00
3.754250617848581495e+00
3.783980357342379808e+00
3.814104710725071179e+00
3.843285861274780668e+00
3.872937098391470379e+00
3.902706569810994175e+00
3.932469919597035179e+00
3.961925612123346152e+00
3.992252231472382729e+00
4.022273838267084400e+00
4.052373570032926864e+00
4.082650151077476863e+00
4.112959996921648376e+00
4.142484547204338341e+00
4.170550611057496582e+00
4.198783493539750111e+00
4.227108998430054498e+00
4.256392683198043869e+00
4.284326221742809082e+00
4.312529661150203530e+00
4.340669140441350216e+00
4.369220157780052460e+00
4.397898559388499606e+00
4.427201318860316093e+00
4.455640716185120809e+00
4.485183991453489227e+00
4.513727090989462454e+00
4.542538519042945921e+00
4.569986813525424907e+00
4.598217728635280110e+00
4.627634605810356128e+00
4.656789046614937533e+00
4.685103820360462912e+00
4.712608302206480637e+00
4.739950025429687130e+00
4.767786055292969394e+00
4.794601470717185343e+00
4.821710736519920992e+00
4.849765849316352906e+00
4.878864116464539435e+00
4.906488454790082443e+00
4.934763467690470584e+00
4.963646648008137596e+00
4.991635979670325796e+00
5.020331244423478445e+00
5.047682492412741695e+00
5.076142146850743053e+00
5.105135081615228110e+00
5.133432366491857302e+00
5.162171012455933905e+00
5.190986514163475896e+00
5.220630083979057368e+00
5.251177897806361017e+00
5.280914044209293223e+00
5.309548185560346134e+00
5.339134015582247095e+00
5.368748002459303947e+00
5.399030941468932809e+00
5.428738536706052109e+00
5.458550519791630862e+00
5.489078303322530772e+00
5.519847172320290873e+00
5.550608874335082987e+00
5.579640443079601830e+00
5.608356141673032980e+00
5.637131343939312700e+00
5.665520232529741129e+00
5.694024098090343600e+00
5.722011247129945133e+00
5.750984224498100872e+00
5.780925817911159115e+00
5.809244074950849601e+00
5.837220174576992271e+00
5.864706875653908469e+00
5.892007667352060274e+00
5.920524756108324738e+00
5.949033115400934157e+00
5.978983580939818410e+00
6.007878701920092546e+00
6.037798038955616065e+00
6.066595065341526372e+00
6.096687784147784228e+00
6.124950568559753172e+00
6.154180638461559383e+00
6.183174672299411867e+00
6.211742778994972625e+00
6.240621573829822744e+00
6.269961468372901692e+00
6.300105223702535895e+00
6.330713529061526401e+00
6.360915480422813850e+00
6.389923785866918671e+00
6.419725349628916611e+00
6.449139372123902980e+00
6.479353662549006465e+00
6.509912809453935800e+00
6.540332170831684167e+00
6.570519891405563584e+00
6.599779880179596603e+00
6.628760803163543436e+00
6.656682664973827990e+00
6.685682086920918366e+00
6.715473094205623994e+00
6.744702019953097150e+00
6.773629177962702030e+00
6.802606904706581581e+00
6.831693471488414104e+00
6.860600775568825860e+00
6.890152037769034621e+00
6.917918904694917437e+00
6.945002572803353758e+00
6.972885574022268607e+00
7.001081914102686987e+00
7.029168474660258958e+00
7.056941706667823055e+00
7.084226607596210812e+00
7.112026535756573509e+00
7.139166992261200662e+00
7.167970085704353345e+00
7.196534541841270283e+00
7.224260987925914534e+00
7.250347067437302506e+00
7.276662610276258825e+00
7.304158621041147548e+00
7.330513004354669349e+00
7.356770109544833680e+00
7.383553855288233159e+00
7.409947208449219502e+00
7.436144052592152498e+00
7.461882971912436879e+00
7.487522323784911116e+00
7.513103492531020500e+00
7.537661978845831001e+00
7.562763097805933477e+00
7.587702128214481867e+00
7.614350145547037485e+00
7.639761939929754497e+00
7.664901802247156226e+00
7.690057843942317284e+00
7.714799421667371426e+00
7.740569605448080814e+00
7.766140430183884114e+00
7.790781721729575615e+00
7.816363276975708096e+00
7.840301204327684736e+00
7.864705458099697566e+00
7.890808925086465031e+00
7.916855343644883192e+00
7.942878584855344037e+00
7.968038377311414955e+00
7.992622736902384339e+00
8.017098670849573949e+00
8.041647446744848438e+00
8.065378804246142508e+00
8.090368547541316957e+00
8.113317763333265376e+00
8.136211847911326345e+00
8.159295793680486852e+00
8.182056408427788696e+00
8.204796321434065121e+00
8.225762634252633987e+00
8.246617401287323901e+00
8.266506480912243049e+00
8.285821851633437873e+00
8.304941563190961773e+00
8.324459055579957578e+00
8.344405142409087262e+00
8.363707387296875240e+00
8.382666606290523958e+00
8.402144030544281605e+00
8.421537527375344112e+00
8.440114738926347115e+00
8.460310134802266901e+00
8.478785773680245441e+00
8.497441902563892313e+00
8.516260330438610637e+00
8.535559090371412694e+00
8.554487916661388525e+00
8.573446974777439777e+00
8.592225139576799009e+00
8.612020533918149923e+00
8.631091198537015785e+00
8.650494588049971512e+00
8.669892759666248949e+00
8.691136074234590225e+00
8.712223826248781222e+00
8.733197155709170545e+00
8.755627217725049150e+00
8.777626755702501171e+00
8.800583082162019011e+00
8.824360579914422686e+00
8.847596620725937555e+00
8.869973221726700885e+00
8.892896229990071788e+00
8.916432776014788786e+00
8.940259052397202311e+00
8.962736556735556803e+00
8.984571927113103484e+00
9.006540185606331406e+00
9.027727359743233038e+00
9.049350307739816301e+00
9.070325369124516257e+00
9.090470179823022079e+00
9.109767929007796639e+00
9.129850268231141541e+00
9.151015683551674940e+00
9.171842265252699633e+00
9.193544717355525364e+00
9.215230596842637567e+00
9.236609942701338838e+00
9.257632203907560253e+00
9.276953609675198109e+00
9.296792621938351431e+00
9.317141915510156025e+00
9.337966673497492209e+00
9.358497890994794233e+00
9.379017145691170398e+00
9.398936103499686112e+00
9.419931742678796738e+00
9.441046597537466667e+00
9.461194772156288124e+00
9.481422734339426839e+00
9.501339102308316242e+00
9.522272407815780326e+00
9.543647023190409584e+00
9.563203228307044057e+00
9.584305958228306110e+00
9.605574230204590336e+00
9.627249648686527550e+00
9.649190740196766924e+00
9.670323527311662559e+00
9.690863833907535252e+00
9.711385220612724467e+00
9.731924479726799859e+00
9.752933657665828093e+00
9.773658356038900763e+00
9.794808334587209231e+00
9.815744836064027368e+00
9.837011705973512932e+00
9.858704929547274176e+00
9.880623193789823233e+00
9.901984693472808630e+00
9.923760368930585329e+00
9.943957310567368424e+00
9.965437628214123933e+00
9.987183419576190602e+00
1.000877494969834558e+01
1.003063982031545720e+01
1.005210351406977232e+01
1.007326708864502329e+01
1.009557119373285516e+01
1.011687321230370884e+01
1.013891825112009393e+01
1.015975473259163664e+01
1.018098517339745968e+01
1.020348588890395547e+01
1.022583753132929019e+01
1.024798223586025969e+01
1.027105440136870129e+01
1.029338504196963022e+01
1.031575555421635570e+01
1.033731953044103413e+01
1.035841996208500859e+01
1.037911297540978772e+01
1.039996518795366143e+01
1.042091594727680359e+01
1.044144601550953411e+01
1.046149746412737613e+01
1.048237078643755638e+01
1.050274173140919842e+01
1.052397292552747743e+01
1.054552026526054220e+01
1.056681415874693997e+01
1.058802416672306101e+01
1.060964109780811171e+01
1.062957346938896031e+01
1.064884728946655201e+01
1.066839850239907150e+01
1.068837089553636055e+01
1.070733964582705688e+01
1.072612016699658000e+01
1.074540078264680609e+01
1.076394510251283698e+01
1.078241785789796481e+01
1.079964435289208780e+01
1.081743417095706938e+01
1.083586270043893762e+01
1.085460117171388106e+01
1.087306415049440211e+01
1.089150409317194956e+01
1.090971885028013233e+01
1.092753175376629748e+01
1.094521827593523433e+01
1.096400118219323083e+01
1.098139209320890863e+01
1.099955467779619234e+01
1.101844614052989790e+01
1.103744769883283361e+01
1.105611467614624033e+01
1.107460059748621717e+01
1.109292138225881530e+01
1.111216502780217041e+01
1.113148984691824417e+01
1.114985563580925643e+01
1.116921285059468261e+01
1.118838457898791461e+01
1.120750003336670808e+01
1.122687093240705991e+01
1.124581627308730525e+01
1.126460180822547663e+01
1.128168463692671608e+01
1.129966902773563575e+01
1.131684160069493217e+01
1.133512153004930667e+01
1.135206805058793833e+01
1.136918782933919836e+01
1.138853864610448596e+01
1.140493227445602109e+01
1.142111725509751707e+01
1.143609022154333665e+01
1.145158128755831939e+01
1.146844910433705600e+01
1.148446308510199643e+01
1.150014500562389230e+01
1.151707277247758832e+01
1.153279579525906939e+01
1.154783319060431346e+01
1.156499546372514864e+01
1.158203602407214383e+01
1.159835425205792880e+01
1.161582689338426988e+01
1.163218129232884834e+01
1.164833724702927498e+01
1.166467723255971656e+01
1.168115481980916570e+01
1.169703049501593384e+01
1.171377654934009627e+01
1.173030768085768649e+01
1.174701557680291586e+01
1.176258719260638053e+01
1.177825636214966210e+01
1.179293290251960258e+01
1.180945806618823823e+01
1.182617384215483192e+01
1.184284332731376921e+01
1.185989355223449593e+01
1.187764557961241252e+01
1.189554191366532798e+01
1.191308707140824552e+01
1.193142867854483313e+01
1.194977205404066467e+01
1.196764444922073167e+01
1.198630909052407567e+01
1.200601028926335445e+01
1.202713330702755989e+01
1.204724106196423250e+01
1.206669145787574138e+01
1.208738477419504420e+01
1.210850393826073912e+01
1.212988153573085448e+01
1.215215488335745597e+01
1.217603662953170129e+01
1.219968673271466209e+01
1.222301010087054252e+01
1.224603916494853095e+01
1.227003065323970254e+01
1.229276016949951789e+01
1.231525267829967518e+01
1.233846619362256725e+01
1.236081252273890385e+01
1.238290227942577459e+01
1.240459979516832334e+01
1.242649874272717092e+01
1.244873650248947961e+01
1.247169453801447681e+01
1.249442747495754702e+01
1.251703018480593599e+01
1.253857530670239662e+01
1.256005888227770484e+01
1.258252740640857148e+01
1.260495474683357919e+01
1.262809329175491513e+01
1.265100498952188879e+01
1.267312457395663117e+01
1.269554416547173048e+01
1.271787922158638473e+01
1.274132734935809097e+01
1.276380321333587631e+01
1.278585450774562560e+01
1.280782439610082513e+01
1.282987111707108419e+01
1.285235348874909711e+01
1.287392494523568587e+01
1.289676226835198491e+01
1.292097509577537551e+01
1.294494247763265449e+01
1.296856246614806984e+01
1.299122717698700669e+01
1.301453270146191699e+01
1.303725701370422563e+01
1.306212845624088459e+01
1.308555361180491161e+01
1.310879520539792153e+01
1.313329054696022169e+01
1.315759371801582844e+01
1.318216692836162096e+01
1.320700354920600539e+01
1.323070014879435519e+01
1.325343581883546662e+01
1.327613619698087533e+01
1.330078566282183239e+01
1.332409033304059243e+01
1.334732814535172984e+01
1.336966173853856077e+01
1.339251390021821742e+01
1.341495411995485654e+01
1.343626262654271031e+01
1.345975528521961628e+01
1.348285120744799137e+01
1.350719095355525390e+01
1.353003996730908831e+01
1.355271576735746564e+01
1.357491972864082541e+01
1.359768741098369915e+01
1.361901179267957041e+01
1.364070919760448319e+01
1.366207391644011437e+01
1.368341679540838385e+01
1.370433941585495319e+01
1.372678101135081619e+01
1.374828125971157000e+01
1.377020085279687756e+01
1.379242224811596529e+01
1.381464115215127464e+01
1.383622756398687947e+01
1.385697956802792419e+01
1.387771379288341400e+01
1.389776164550121429e+01
1.391834482759261249e+01
1.393925946212753075e+01
1.395998175123157736e+01
1.398229592941553356e+01
1.400407140411033424e+01
1.402506068319994625e+01
1.404509653086851806e+01
1.406662619922813917e+01
1.408889132280692635e+01
1.411051658748241699e+01
1.413130421099260126e+01
1.415198339113897141e+01
1.417363069854498470e+01
1.419342472804946453e+01
1.421484157675545035e+01
1.423579219412110852e+01
1.425628037559965655e+01
1.427633462945996534e+01
1.429667358157723100e+01
1.431768619737608184e+01
1.433874574088889631e+01
1.435911846508315470e+01
1.437974651819062721e+01
1.440004538057510253e+01
1.441998321624868495e+01
1.444247908046217432e+01
1.446483642213236465e+01
1.448761605682052789e+01
1.450963309850666505e+01
1.453184320160244347e+01
1.455435668459355192e+01
1.457669950874272224e+01
1.459993193718112714e+01
1.462267476321377302e+01
1.464586203252047980e+01
1.466877893919978959e+01
1.469297912135882989e+01
1.471631362787636199e+01
1.473802002346022633e+01
1.476049275628904489e+01
1.478292731337981358e+01
1.480518178532109097e+01
1.482860174439993628e+01
1.485267047751437097e+01
1.487666651727138500e+01
1.489985304280825140e+01
1.492292856300828241e+01
1.494594288217602873e+01
1.496922904217910855e+01
1.499238874056886139e+01
1.501754487432103957e+01
1.504112829652622096e+01
1.506591707568095373e+01
1.509110010634235444e+01
1.511655850721855643e+01
1.514252620747821965e+01
1.516988324609666350e+01
1.519588722992178909e+01
1.522199600896061433e+01
1.525006592916379411e+01
1.527798377257313867e+01
1.530611695741678879e+01
1.533400885679439796e+01
1.536201799686402936e+01
1.539056802863611573e+01
1.541995108356902122e+01
1.544896387043458041e+01
1.547817508777490048e+01
1.550659796069620100e+01
1.553670016754115935e+01
1.556727916486941155e+01
1.559774362268073844e+01
1.562908515560046929e+01
1.566028927427459116e+01
1.569062447698028251e+01
1.572160433278912706e+01
1.575282359189349890e+01
1.578378326675023047e+01
1.581329573999322946e+01
1.584270522604045262e+01
1.587246566021856431e+01
1.590313390204331867e+01
1.593330952288256341e+01
1.596375555026165394e+01
1.599450708455304948e+01
1.602635027738919149e+01
1.605740261927092760e+01
1.608798336065143175e+01
1.611946571609477274e+01
1.615062014741860352e+01
1.618188483479363171e+01
1.621229737110122926e+01
1.624312554753356252e+01
1.627296447183982409e+01
1.630204799275834304e+01
1.632929920648352962e+01
1.635871011872144010e+01
1.638892562786486451e+01
1.641885923269389380e+01
1.644935117509200850e+01
1.647864404760733237e+01
1.650750994247349013e+01
1.653735521778352791e+01
1.656696595743712308e+01
1.659609625865299165e+01
1.662458396409769890e+01
1.665515276246696885e+01
1.668705155756506286e+01
1.671909439622380233e+01
1.675132919340175164e+01
1.678053347506470772e+01
1.680938641173851522e+01
1.683962783348824033e+01
1.687019858999927635e+01
1.690098699157737983e+01
1.693142028368573193e+01
1.696169057718192974e+01
1.699209973486630787e+01
1.702133996662288951e+01
1.705055024437599087e+01
1.708149099564863604e+01
1.711172272004134243e+01
1.714036066955559079e+01
1.717116273687773997e+01
1.720111689145123179e+01
1.723067373191010176e+01
1.726094440683759856e+01
1.729143309207449875e+01
1.732171416201364877e+01
1.734969337772728792e+01
1.737769431773024920e+01
1.740641456925610342e+01
1.743483796722095391e+01
1.746349160353343422e+01
1.749296701975070434e+01
1.752235815923420503e+01
1.755221672282770129e+01
1.758333364581363156e+01
1.761305524024403724e+01
1.764396502234217223e+01
1.767398181470203156e+01
1.770343334105666244e+01
1.773431381861926326e+01
1.776504960360998098e+01
1.779579664905590164e+01
1.782660091677156444e+01
1.785660648441107057e+01
1.788527440843244065e+01
1.791226799215180066e+01
1.793978783566790014e+01
1.796746678385743934e+01
1.799604948502282653e+01
1.802422532531426214e+01
1.805337708344195136e+01
1.808173389929347152e+01
1.811166104424520640e+01
1.814090667805725587e+01
1.817053030473968889e+01
1.819982222383797321e+01
1.822916738989493624e+01
1.826016079449835061e+01
1.828945607847804311e+01
1.831925948656762060e+01
1.834773683436567993e+01
1.837788859819843168e+01
1.840715740775602427e+01
1.843678921493010492e+01
1.846623983761523746e+01
1.849469547023956650e+01
1.852299430825879867e+01
1.855057495902386577e+01
1.857846729997370971e+01
1.860670646479347212e+01
1.863462872602085341e+01
1.866337349515469768e+01
1.869106415710820457e+01
1.871952143608234920e+01
1.874616128054891462e+01
1.877285571026775202e+01
1.879953456030916215e+01
1.882649417381517409e+01
1.885314890288015022e+01
1.887894137849532328e+01
1.890519577060654655e+01
1.893080821546686821e+01
1.895686363074221248e+01
1.898403972426295638e+01
1.900864965999734224e+01
1.903413246168162587e+01
1.906191825032706788e+01
1.908939606116529575e+01
1.911729025834020845e+01
1.914593892940424169e+01
1.917369175322028596e+01
1.920206151762118907e+01
1.923083723010936197e+01
1.925996548090794391e+01
1.928888461372082830e+01
1.931848653697540286e+01
1.934844282825863360e+01
1.937891209357814759e+01
1.940815604477072753e+01
1.943773421859436823e+01
1.946876118990742199e+01
1.950074519329288947e+01
1.953247315412387763e+01
1.956406696099907805e+01
1.959536854734311007e+01
1.962723189964985693e+01
1.965808685841334835e+01
1.968876275042200064e+01
1.972010864608322933e+01
1.975027070349043612e+01
1.977941103335361817e+01
1.980959384281484148e+01
1.983853189648483450e+01
1.986771651080172774e+01
