0.000000000000000000e+00
1.315461334636662816e-01
2.238674604547422620e-01
3.089988498968900266e-01
3.907502106953728016e-01
4.699561866588286008e-01
5.474905666207638966e-01
6.242032828570424074e-01
6.992981377462971215e-01
7.732309379463899734e-01
8.470824045609974817e-01
9.202326343370599293e-01
9.926495564911036462e-01
1.065062137875099069e+00
1.137065612328632014e+00
1.208871247851716735e+00
1.279727336041818875e+00
1.350426387825948593e+00
1.420948072893199798e+00
1.490877170402620466e+00
1.560301425519144969e+00
1.629603721308356734e+00
1.699409664247547358e+00
1.768638402376033314e+00
1.836829106157655378e+00
1.905079014166883411e+00
1.974663913561384154e+00
2.043694430965095066e+00
2.111684279462144431e+00
2.179285181512712555e+00
2.246852994456254748e+00
2.314579630277068922e+00
2.382233502134295300e+00
2.449193657476310015e+00
2.516136082890951364e+00
2.583285845797866909e+00
2.650060046159875782e+00
2.716181984409697048e+00
2.781671783643131945e+00
2.846998208930487717e+00
2.911919144251739588e+00
2.977240448193883449e+00
3.041094975463936034e+00
3.104836438380737196e+00
3.169186628184327947e+00
3.232586981084189848e+00
3.295789719801773821e+00
3.358977675162594601e+00
3.421941045029969430e+00
3.484706703953992069e+00
3.546777302830108614e+00
3.608468600476249399e+00
3.669671905222867014e+00
3.731613392019632158e+00
3.792830354327052511e+00
3.854212550482404520e+00
3.915245902148005719e+00
3.976106049986450230e+00
4.036662285221614077e+00
4.096585280486769065e+00
4.156660210481374129e+00
4.216668096561718038e+00
4.276454256077101945e+00
4.336329968013127534e+00
4.395881848784668477e+00
4.455295270231555804e+00
4.514752984998528618e+00
4.574340399155040870e+00
4.634047654733144839e+00
4.693851077891044277e+00
4.753217580444272450e+00
4.812922891509253454e+00
4.873100093511645525e+00
4.931808619233297719e+00
4.991080698663505011e+00
5.050043066994610363e+00
5.109573433572319523e+00
5.168385937651383877e+00
5.227010292061914143e+00
5.285652005524729802e+00
5.345310025778579721e+00
5.404268586214943326e+00
5.461715538301314510e+00
5.518920754588845234e+00
5.576089349849546295e+00
5.632363333681414730e+00
5.688195781463791789e+00
5.744267995977241803e+00
5.799180252218372189e+00
5.855491657406169281e+00
5.911680128990131955e+00
5.967425281002660675e+00
6.022788246680559787e+00
6.077627575731805010e+00
6.132170613004653603e+00
6.186621800201682397e+00
6.240454798097123223e+00
6.293542153204231049e+00
6.346498199814688768e+00
6.399854650718791227e+00
6.453079529757065558e+00
6.505932411914750801e+00
6.558001273687401600e+00
6.610954624744219466e+00
6.664611036977290404e+00
6.718063528028125120e+00
6.771358430038307397e+00
6.823683136922554127e+00
6.875519460604727406e+00
6.928415982793472594e+00
6.980688308974526635e+00
7.033087755409894726e+00
7.086063626231966062e+00
7.138722862388424240e+00
7.192365737297336636e+00
7.244729480199956662e+00
7.297494793162750071e+00
7.350767129019165402e+00
7.403476490857195280e+00
7.456180053725828039e+00
7.508505425145480139e+00
7.560789618758209762e+00
7.612424693586485880e+00
7.663335280393305027e+00
7.713606623161269660e+00
7.764208725182392357e+00
7.814287290004532593e+00
7.864375602049678449e+00
7.914630955361390718e+00
7.965468495561852436e+00
8.016635184674100856e+00
8.066637467225527658e+00
8.116292971598314310e+00
8.165816894943215942e+00
8.214967502626837614e+00
8.264139673040515888e+00
8.313812524395048698e+00
8.363032791178261149e+00
8.412053121221799046e+00
8.461040140062209503e+00
8.510678963036459876e+00
8.559873442934989640e+00
8.608014878756179655e+00
8.656365269515678307e+00
8.705818375281234367e+00
8.755466791236344193e+00
8.803984433742421345e+00
8.852755139997466216e+00
8.901594232678387897e+00
8.949942484969472645e+00
8.997576025878554873e+00
9.045798762609351229e+00
9.095072039113741624e+00
9.144712453993987467e+00
9.193107465881572793e+00
9.241765635743126595e+00
9.290235208511505860e+00
9.338309436135014963e+00
9.386699182812522579e+00
9.434899741665207173e+00
9.482817601592548939e+00
9.531015513153279883e+00
9.579000583811735581e+00
9.626898947356215430e+00
9.674486566761340001e+00
9.722584682566159486e+00
9.769999687471029759e+00
9.817369486037613058e+00
9.865097797723500150e+00
9.912758293252355912e+00
9.960890396626910004e+00
1.000761666236663672e+01
1.005413859389651243e+01
1.010029506287964551e+01
1.014683600098493343e+01
1.019403395492490283e+01
1.024040796258893771e+01
1.028683887459458290e+01
1.033261800466168090e+01
1.037839616076128380e+01
1.042323112449858691e+01
1.046829555136623213e+01
1.051337720908654738e+01
1.055893343842318899e+01
1.060421572676952984e+01
1.065006892814140826e+01
1.069507339759820930e+01
1.073899896727454006e+01
1.078427023639285309e+01
1.082859772262158948e+01
1.087316629077973040e+01
1.091735061149193164e+01
1.096215030043511973e+01
1.100669671225194435e+01
1.105152383323916787e+01
1.109662717009457467e+01
1.114059677267619719e+01
1.118406377709039923e+01
1.122748215734677224e+01
1.127079653356516609e+01
1.131426992561742573e+01
1.135843195904164915e+01
1.140157196423768404e+01
1.144533908142313905e+01
1.148858446282159385e+01
1.153097417254164725e+01
1.157397314887331063e+01
1.161644214020938470e+01
1.165885167813055823e+01
1.170164243973328233e+01
1.174453116612436077e+01
1.178724716622775759e+01
1.182884102384018377e+01
1.187057199185355039e+01
1.191152631352310820e+01
1.195271436795479580e+01
1.199492462139540372e+01
1.203696617323249463e+01
1.208025409050789811e+01
1.212329490849646163e+01
1.216627768588973169e+01
1.220878410015196991e+01
1.225128848405984883e+01
1.229424458710079193e+01
1.233752702631730536e+01
1.238007142902521984e+01
1.242209260325507358e+01
1.246295381899251353e+01
1.250564776131806255e+01
1.254765053025695387e+01
1.258939611047892804e+01
1.263109899819624893e+01
1.267290975505616224e+01
1.271535230960201268e+01
1.275680860505739922e+01
1.279747340893069030e+01
1.283886334146252395e+01
1.288002106559053495e+01
1.292144481956706770e+01
1.296351441985856923e+01
1.300530999797522647e+01
1.304763744140822546e+01
1.308965290219895117e+01
1.313204746636363573e+01
1.317396506125288091e+01
1.321624860496737242e+01
1.325839356503360023e+01
1.329994902717792549e+01
1.334166016436991420e+01
1.338295065701143827e+01
1.342493367306209784e+01
1.346577580983299249e+01
1.350636083325933257e+01
1.354686499711575109e+01
1.358665402088762519e+01
1.362630214876073609e+01
1.366635693749138802e+01
1.370605872769219147e+01
1.374572901612261511e+01
1.378467124601588267e+01
1.382517403560107816e+01
1.386551508786382669e+01
1.390585604016607491e+01
1.394572253088255742e+01
1.398628403131417031e+01
1.402543033288256780e+01
1.406529950558913455e+01
1.410577679246131133e+01
1.414687905380303334e+01
1.418804758344234962e+01
1.422914598129066022e+01
1.427106435555291419e+01
1.431312923993212927e+01
1.435483848591248979e+01
1.439672357831712546e+01
1.443821817346473502e+01
1.447956095403013599e+01
1.452172413493920011e+01
1.456406634413030154e+01
1.460545176642492038e+01
1.464627127011521424e+01
1.468690296418605890e+01
1.472707707363949226e+01
1.476693312223489052e+01
1.480619235362177299e+01
1.484579905073568895e+01
1.488555923533768244e+01
1.492503463953812037e+01
1.496503525543738355e+01
1.500584299562833301e+01
1.504625206604361232e+01
1.508566253980518290e+01
1.512631948734917842e+01
1.516507496936802113e+01
1.520385080920956433e+01
1.524219264209007285e+01
1.528044586156301143e+01
1.531946921873959688e+01
1.535974068667672832e+01
1.539946509663685070e+01
1.544017300505140078e+01
1.547985483624686154e+01
1.552051369412396653e+01
1.556071265950457239e+01
1.560111553784328464e+01
1.564260902816959486e+01
1.568425094303179534e+01
1.572478701434255122e+01
1.576510078354247035e+01
1.580632851213109902e+01
1.584718089150309694e+01
1.588875322391038658e+01
1.593108052524707574e+01
1.597341974251531305e+01
1.601524456065908097e+01
1.605653135721037117e+01
1.609922233820687509e+01
1.614217116352745407e+01
1.618391190303446692e+01
1.622706797571336068e+01
1.626915638816199561e+01
1.631145461688297615e+01
1.635337584666666544e+01
1.639517855512065481e+01
1.643648398210334349e+01
1.647740109827683241e+01
1.651793534331245183e+01
1.655834763437556845e+01
1.659946302735250612e+01
1.664019878898468718e+01
1.668097600914791556e+01
1.672282297514876959e+01
1.676465891884888393e+01
1.680678940101892138e+01
1.684899399071604975e+01
1.689125795389348283e+01
1.693298796216909707e+01
1.697489036453457345e+01
1.701635408090931278e+01
1.705737164314779974e+01
1.709960275610654534e+01
1.714174450895608715e+01
1.718445196366180738e+01
1.722619967387703710e+01
1.726770775152617432e+01
1.730801110321641900e+01
1.734807907320909592e+01
1.738766671574682121e+01
1.742791035122323962e+01
1.746829606560300974e+01
1.750830986308925930e+01
1.754772008798676808e+01
1.758666861466928211e+01
1.762650929358568064e+01
1.766593698078354535e+01
1.770544195364402640e+01
1.774554392496017030e+01
1.778464374156921934e+01
1.782357426894113672e+01
1.786166532366167914e+01
1.789982265439073217e+01
1.793781262515651420e+01
1.797597178272815199e+01
1.801524523049206294e+01
1.805507552982966146e+01
1.809406443646613027e+01
1.813327289057960456e+01
1.817263616834042850e+01
1.821018131340117563e+01
1.825013354975468616e+01
1.828960268806159917e+01
1.832932939546341444e+01
1.836806853613283153e+01
1.840641025859881097e+01
1.844514844127041897e+01
1.848421854972072964e+01
1.852348858082787331e+01
1.856385259605967164e+01
1.860358865192207389e+01
1.864304133369499183e+01
1.868214138377702227e+01
1.872021688240603510e+01
1.875790146981619344e+01
1.879638065688310533e+01
1.883609941640299823e+01
1.887657823225867304e+01
1.891638243551690124e+01
1.895685146113030584e+01
1.899679902893668526e+01
1.903607145504700071e+01
1.907494524233500854e+01
1.911402133329626807e+01
1.915389725025797674e+01
1.919384113913089962e+01
1.923274530534335014e+01
1.927238615124955601e+01
1.931201082175847361e+01
1.935149731158251640e+01
1.939258738976613117e+01
1.943300731542509396e+01
1.947311181500432653e+01
1.951264857097548955e+01
1.955295125385007182e+01
1.959251156746309874e+01
1.963148647582669426e+01
1.967148303231438433e+01
1.971030620905553832e+01
1.975030457375931903e+01
1.979059102023138905e+01
1.983110669105035129e+01
1.987188083506793390e+01
1.991187461827711047e+01
1.995142661239758297e+01
1.999159477669586593e+01
2.003119901289018756e+01
2.007077940028452900e+01
2.011092266815325758e+01
2.015077908706080123e+01
2.019063765333388005e+01
2.023041978953932585e+01
2.027008771729584780e+01
2.031026411593014913e+01
2.034971040056968761e+01
2.038957311842945685e+01
2.042993741147897779e+01
2.046923174532211931e+01
2.050934635566992625e+01
2.054900394355567883e+01
2.059026565483608451e+01
2.063060907542059397e+01
2.067140388456138567e+01
2.071198141799794357e+01
2.075173956209038195e+01
2.079156686741330873e+01
2.083098256371897250e+01
2.087122044940026910e+01
2.091077914289051520e+01
2.094976517980724395e+01
2.098944242809410454e+01
2.102887241400535245e+01
2.106728165510935114e+01
2.110516834707769718e+01
2.114357997198137440e+01
2.118147170241787691e+01
2.121936319051571473e+01
2.125728123760605115e+01
2.129606839654239536e+01
2.133571845520672738e+01
2.137499086809562243e+01
2.141567371619390059e+01
2.145455501913498608e+01
2.149329120323324815e+01
2.153068054010125820e+01
2.156742438044514287e+01
2.160389010041999924e+01
2.164029694077052568e+01
2.167745963043444490e+01
2.171342164188290980e+01
2.174958927116070839e+01
2.178618843683490525e+01
2.182297623922750773e+01
2.185857711866903585e+01
2.189472824805258000e+01
2.193202667040831599e+01
2.196930966745347291e+01
2.200640724769810674e+01
2.204351298272084847e+01
2.208140129339585656e+01
2.211934305527725186e+01
2.215802339209463767e+01
2.219586979995449028e+01
2.223250349078976384e+01
2.227026984674098387e+01
2.230704171774260658e+01
2.234405702115687120e+01
2.237966206272863801e+01
2.241574083582847265e+01
2.245127987979856243e+01
2.248635561037717778e+01
2.252102484681834937e+01
2.255609085527770574e+01
2.259047831083315572e+01
2.262502815561412461e+01
2.265976027822663852e+01
2.269452981406341507e+01
2.272895463468769961e+01
2.276408000099455720e+01
2.279974339556499174e+01
2.283531216142354836e+01
2.287074589866285379e+01
2.290584701649570931e+01
2.294160227195502344e+01
2.297581705641489336e+01
2.301115929228128820e+01
2.304620543648447395e+01
2.308167543962804658e+01
2.311623001968737512e+01
2.315159433175099579e+01
2.318595481897264321e+01
2.321953829883615938e+01
2.325353158904675155e+01
2.328719085536081579e+01
2.332101317159884957e+01
2.335462695254305032e+01
2.338835346915321622e+01
2.342156722393491819e+01
2.345732530131060756e+01
2.349386479135176842e+01
2.353052994272118426e+01
2.356709807213768570e+01
2.360433057398467227e+01
2.364169675795396941e+01
2.367931478916486654e+01
2.371662986360560410e+01
2.375350443757093899e+01
2.379014559738433832e+01
2.382692100541202507e+01
2.386498303819678313e+01
2.390269791496955065e+01
2.394025916660677922e+01
2.397803235571538139e+01
2.401674043343604481e+01
2.405562700883727700e+01
2.409470283776020949e+01
2.413318488913573390e+01
2.417224950357937630e+01
2.421185021024443174e+01
2.425195581415105295e+01
2.429200777918151033e+01
2.433257857977010019e+01
2.437316446311200480e+01
2.441437838287424000e+01
2.445601871178256559e+01
2.449734655977222175e+01
2.453820561688847945e+01
2.457933670353298439e+01
2.461964565019786733e+01
2.466063823087824503e+01
2.470143097607108018e+01
2.474270930392586010e+01
2.478501429785323751e+01
2.482661762271892769e+01
2.486732639446006132e+01
2.490759476206473977e+01
2.494965305166273595e+01
2.499006444913340630e+01
2.503175395746738729e+01
2.507425600905792962e+01
2.511534014106727142e+01
2.515837332089967404e+01
2.519869447548386532e+01
2.524062870651354373e+01
2.528295952134935476e+01
2.532283694835199128e+01
2.536330413613681856e+01
2.540404380001072226e+01
2.544487728791288106e+01
2.548355162868185886e+01
2.552305917128414947e+01
2.556349680289050141e+01
2.560271285119844364e+01
2.564240621607859083e+01
2.568110295158284728e+01
2.572031841477505409e+01
2.575870184137123786e+01
2.579751660109455713e+01
2.583571212937984640e+01
2.587379117874513668e+01
2.591131589179128980e+01
2.594850015236560381e+01
2.598506405610798353e+01
2.602106535860402303e+01
2.605731395275353179e+01
2.609387632319631223e+01
2.613149246663064673e+01
2.616930862140294067e+01
2.620639408929229930e+01
2.624448101830775215e+01
2.628309001694967861e+01
2.632201866367488563e+01
2.636032899322805179e+01
2.639914892139566405e+01
2.643913936219054861e+01
2.647825713992505570e+01
2.651735136792227721e+01
2.655600936313960858e+01
2.659557616250661738e+01
2.663597792559143329e+01
2.667461607050401540e+01
2.671476651062234708e+01
2.675406932167788199e+01
2.679268849148309783e+01
2.683378963365305836e+01
2.687365462925290061e+01
2.691326894804869241e+01
2.695234933890503726e+01
2.699148484984149121e+01
2.703008273521704652e+01
2.706913382107834565e+01
2.710950233584550872e+01
2.715035543872002322e+01
2.719128251679732244e+01
2.723246669218107741e+01
2.727391474042990183e+01
2.731554421603416571e+01
2.735715640311320485e+01
2.739906061061267195e+01
2.743987031121344344e+01
2.747900304688253215e+01
2.751783217953463989e+01
2.755694427293052584e+01
2.759598174796024850e+01
2.763807105285528820e+01
2.767965103227513524e+01
2.772050073069386045e+01
2.776152914320432430e+01
2.780153364618601231e+01
2.784070296554721935e+01
2.787865333151294323e+01
2.791662511467365704e+01
2.795474650912949599e+01
2.799329798223812205e+01
2.803169858807835979e+01
2.807033291159785549e+01
2.810944775046073119e+01
2.814779046525223549e+01
2.818587813023984623e+01
2.822345455799442249e+01
2.826068608495808121e+01
2.829897531360874652e+01
2.833652451805366468e+01
2.837367248925094287e+01
2.841066155606296206e+01
2.844786801519175512e+01
2.848605889837433480e+01
2.852330915804524025e+01
2.856158306631162702e+01
2.859892786046896518e+01
2.863678962473223066e+01
2.867487167313441887e+01
2.871281678707054397e+01
2.875069023180723704e+01
2.878893670738213828e+01
2.882788570985414367e+01
2.886767175744180136e+01
2.890679956108931492e+01
2.894699244675454608e+01
2.898628227522511835e+01
2.902494137384900696e+01
2.906325504975765739e+01
2.910131999689607341e+01
2.913943506420809371e+01
2.917723118972117646e+01
2.921532242933498935e+01
2.925343115797467775e+01
2.929148269784675662e+01
2.933050613893411906e+01
2.937016618488062392e+01
2.941016667062643108e+01
2.944904218110610117e+01
2.948805689594455615e+01
2.952744611906489425e+01
2.956745614508393061e+01
2.960559163869105959e+01
2.964263279315370880e+01
2.967951774547322330e+01
2.971710899611560563e+01
2.975515993063260467e+01
2.979264479665360454e+01
2.983063166934906718e+01
2.986848142766633885e+01
2.990659240857969436e+01
2.994458253800067382e+01
2.998219609302856625e+01
3.002127244027426300e+01
3.005998403457503088e+01
3.009903852673523517e+01
3.013639637120393644e+01
3.017380890036956842e+01
3.021219778437590620e+01
3.024948154485775831e+01
3.028601091396059530e+01
3.032175698154811982e+01
3.035652680968156147e+01
3.039100413844879256e+01
3.042379231808516948e+01
3.045711931124436234e+01
3.049060965829934844e+01
3.052560917399979701e+01
3.055912607764907563e+01
3.059098290468196168e+01
3.062394434229050333e+01
3.065631811654916916e+01
3.068967109085537004e+01
3.072208600880697915e+01
3.075385155082866362e+01
3.078483196764006280e+01
3.081758983488332149e+01
3.085007783198444287e+01
3.088163317345117065e+01
3.091314455547826512e+01
3.094410882068190460e+01
3.097496709345601573e+01
3.100622613614737944e+01
3.103771940266907237e+01
3.107060224362773226e+01
3.110207366521898820e+01
3.113402370397776053e+01
3.116552030995060463e+01
3.119723726855925960e+01
3.122714649533820008e+01
3.125747022205101189e+01
3.128869064498487518e+01
3.131953593762625232e+01
3.134937252185380530e+01
3.137922842806842638e+01
3.140917983237594058e+01
3.143969015534951694e+01
3.146969202061207227e+01
3.149999184949479414e+01
3.153232561341300411e+01
3.156399597387264677e+01
3.159585237144398562e+01
3.162761617874330256e+01
3.165819254718324061e+01
3.168931279617738994e+01
3.172134259643740606e+01
3.175303285841999212e+01
3.178627785119427429e+01
3.181800536288607262e+01
3.184962915904526426e+01
3.188104274963757234e+01
3.191219104683142405e+01
3.194342230923054515e+01
3.197434177540176847e+01
3.200518842063373626e+01
3.203622621312288032e+01
3.206758691849056220e+01
3.209825496929300925e+01
3.212765008687505031e+01
3.215659330578084507e+01
3.218493729614736054e+01
3.221377887655611261e+01
3.224261553935670577e+01
3.227208899346342719e+01
3.230110492552957879e+01
3.233014893904037734e+01
3.235799197354023704e+01
3.238586684997478216e+01
3.241413092287150732e+01
3.244159423385517016e+01
