0.000000000000000000e+00
4.857136659722152694e-01
8.788118017791561876e-01
1.251098592832909695e+00
1.616423774499842203e+00
1.975690443158030885e+00
2.328442359840912523e+00
2.679856283053271504e+00
3.030563797584478358e+00
3.379347136746767344e+00
3.725967101275331927e+00
4.069768797030981489e+00
4.415526774229866724e+00
4.756135645693856162e+00
5.093193156636213637e+00
5.426564080803910173e+00
5.758377434231316983e+00
6.090489653732805486e+00
6.416118947544004136e+00
6.742435382239079900e+00
7.064202213416433729e+00
7.387206454670178779e+00
7.710348061529280095e+00
8.029930511251711422e+00
8.348063650384474954e+00
8.660914193269125150e+00
8.976127647874548643e+00
9.291465774162594116e+00
9.604557479808857323e+00
9.916713349926663312e+00
1.022914250102517819e+01
1.054037099513536191e+01
1.085127436654941846e+01
1.116134807269742524e+01
1.147022081142949901e+01
1.177980215014382281e+01
1.208919340792845531e+01
1.240020907431365238e+01
1.270916559720765271e+01
1.301657556832068963e+01
1.331939365397943220e+01
1.361939794166208628e+01
1.391921917336848757e+01
1.421625114451586569e+01
1.451479565001842253e+01
1.481494133713461103e+01
1.511418262924710909e+01
1.540999659503069097e+01
1.570435323786257165e+01
1.599700548793817134e+01
1.629039074090714934e+01
1.658019416501333865e+01
1.686350317453098668e+01
1.714420821057555244e+01
1.742495879956770466e+01
1.770563845485754584e+01
1.798215476157428583e+01
1.825059612428812983e+01
1.851393005790377089e+01
1.878148454441904747e+01
1.904572618598534106e+01
1.931093482971088093e+01
1.957465296884105754e+01
1.983614756357363262e+01
2.009909142603290633e+01
2.035535045386514241e+01
2.061599450356231955e+01
2.087415524456439186e+01
2.113474997429703706e+01
2.139625595423378002e+01
2.165823479722071809e+01
2.191639769381816549e+01
2.216967366792475147e+01
2.242252360814538648e+01
2.267062449748839015e+01
2.291703137620853781e+01
2.316486401703422615e+01
2.341244772518563266e+01
2.365631150993020526e+01
2.390231328672117428e+01
2.414677669129446258e+01
2.439119661304364683e+01
2.463451312687174166e+01
2.487628852042784189e+01
2.511534441083470170e+01
2.535318250147338404e+01
2.559260024490213326e+01
2.582955648389080139e+01
2.606297669261597605e+01
2.629941026379926328e+01
2.653503688372211045e+01
2.677361804754942654e+01
2.700932226079638454e+01
2.724895514553412923e+01
2.748946466038625758e+01
2.773009159118065980e+01
2.797234226270860447e+01
2.821476421610491059e+01
2.845331974289776511e+01
2.869565116611784816e+01
2.893683349664975779e+01
2.917701366267363738e+01
2.942349063730046055e+01
2.966841909082866735e+01
2.991258981469556133e+01
3.015846206521390727e+01
3.040305297485901903e+01
3.064942401935046945e+01
3.089436033738252974e+01
3.114349343905479728e+01
3.139446375317066185e+01
3.164641660251870903e+01
3.189613277019190107e+01
3.214397084253189263e+01
3.239204413637298074e+01
3.263916508544316031e+01
3.288549665725719251e+01
3.312995934517341112e+01
3.337466586157917448e+01
3.362020066605480650e+01
3.386352669168078222e+01
3.411128859773210564e+01
3.435863414369070057e+01
3.460670657407511186e+01
3.485371273323819707e+01
3.510035200526345278e+01
3.534608204804145970e+01
3.559314357629853021e+01
3.584277987918192565e+01
3.609640606972109822e+01
3.635177541295877290e+01
3.660525744299454232e+01
3.685454004878197054e+01
3.710635303395866913e+01
3.735807954160343769e+01
3.760808036350295680e+01
3.785620299674275202e+01
3.810185801601935651e+01
3.834689761855049994e+01
3.859605032397587365e+01
3.883906432306953604e+01
3.908153615048398422e+01
3.932426597384412048e+01
3.956858207598141774e+01
3.981351731641683500e+01
4.005500622125058641e+01
4.029607391292088181e+01
4.053757671741667679e+01
4.077736474918714293e+01
4.101307970705885708e+01
4.124848793398961533e+01
4.148294575656857575e+01
4.171893832380612821e+01
4.195513418114118309e+01
4.218976382113663703e+01
4.242458669055510967e+01
4.265948089194932180e+01
4.289525834459661269e+01
4.313143291230864662e+01
4.336878504034011428e+01
4.360665066043758031e+01
4.384626903288777555e+01
4.408784852736909698e+01
4.432856852130130676e+01
4.457098614985051199e+01
4.480969326445023881e+01
4.504837500380053683e+01
4.528420012608727774e+01
4.552097002912806545e+01
4.575055502580412536e+01
4.598081071255430885e+01
4.621326893524084767e+01
4.644665398080005048e+01
4.668260380857678626e+01
4.691465038393372566e+01
4.714444539842844506e+01
4.737672669432975425e+01
4.760998165638363844e+01
4.784450443337986059e+01
4.807585010492607580e+01
4.830873248012394328e+01
4.854097696715367505e+01
4.877131601132875005e+01
4.900693967828101449e+01
4.923936981880071784e+01
4.947160816491150115e+01
4.970444591995912731e+01
4.993379842888641207e+01
5.016385799600342921e+01
5.038819058759534641e+01
5.061550182831020805e+01
5.084664231243699817e+01
5.107899664669363204e+01
5.131245216390448149e+01
5.154624246780775820e+01
5.178217681671515749e+01
5.201362041689318261e+01
5.224655037019921622e+01
5.247669399192073314e+01
5.271241947299134978e+01
5.294408094443817703e+01
5.317670724636906243e+01
5.341178637001512897e+01
5.364615258719238966e+01
5.387714109237635540e+01
5.411328691995703366e+01
5.435059681068057813e+01
5.458385447531898649e+01
5.481528731118946496e+01
5.505160194368369275e+01
5.529227356701543528e+01
5.553196969190246790e+01
5.577174596489180658e+01
5.601195452762203786e+01
5.625402126117348445e+01
5.650244686218095325e+01
5.674968952146776502e+01
5.700033617912104233e+01
5.725433042069479228e+01
5.750587395306383343e+01
5.775386285247496687e+01
5.799611178518749455e+01
5.823664243358259540e+01
5.847951747548524537e+01
5.872137725598093994e+01
5.896284546329766130e+01
5.920283974389074189e+01
5.944349849641834993e+01
5.968442780238238754e+01
5.992682560598152008e+01
6.016438387671158239e+01
6.040357082531527766e+01
6.063779183516219007e+01
6.086679208649457706e+01
6.109939856275413206e+01
6.133231696262606647e+01
6.156475116264486047e+01
6.180168200720215310e+01
6.203495790241844077e+01
6.227071209105693583e+01
6.251000368571161658e+01
6.275126629014732060e+01
6.298795398842359106e+01
6.322398670544794186e+01
6.345717343474528604e+01
6.369517913590400582e+01
6.393455508252341701e+01
6.417271946273599781e+01
6.441104148300598808e+01
6.464667266305407622e+01
6.488660148770308922e+01
6.512361710213286869e+01
6.536310291643387416e+01
6.559777519878468865e+01
6.583273677241651001e+01
6.606618376202403908e+01
6.629857214356455586e+01
6.652665752377770048e+01
6.675224271589289060e+01
6.698041647391235642e+01
6.721267795329391959e+01
6.744207972149514774e+01
6.767332018924099657e+01
6.790737544742800935e+01
6.814218294080906446e+01
6.837479092339437159e+01
6.860910776617740225e+01
6.884855045566281717e+01
6.908773421579414276e+01
6.932821804846642522e+01
6.956668197917916530e+01
6.980516612265067522e+01
7.004501665419074641e+01
7.028149408691797362e+01
7.052186712064222718e+01
7.076600945086019578e+01
7.101026434139967591e+01
7.125562355448865048e+01
7.150328640700989524e+01
7.174877516616808748e+01
7.199425700594238720e+01
7.224134418003475844e+01
7.249201865717242299e+01
7.273949604252806012e+01
7.298632053134069508e+01
7.323299025811373042e+01
7.347665571430447073e+01
7.372312814673438197e+01
7.397258701394579816e+01
7.422257341263475894e+01
7.446949722901709379e+01
7.471973938544542193e+01
7.496513451969754271e+01
7.520735161322170370e+01
7.545036048245640359e+01
7.568978022075820888e+01
7.593150671884913550e+01
7.617222008756772311e+01
7.641038144811535915e+01
7.664725406169175415e+01
7.688236345598087951e+01
7.711670497914124667e+01
7.734901625209799647e+01
7.757640776858129072e+01
7.780200998554779801e+01
7.802980388646030008e+01
7.826215970935479049e+01
7.849185385426441997e+01
7.872026952891057761e+01
7.894902036352006292e+01
7.918006330062662812e+01
7.941926067881738049e+01
7.965869513831610504e+01
7.989326193021574340e+01
8.012351803950218709e+01
8.035385590381198995e+01
8.058233598692640953e+01
8.081492893215116169e+01
8.104773317018272394e+01
8.128375890822117356e+01
8.151516739826054447e+01
8.175158437197953276e+01
8.198955857364515509e+01
8.222530471225147153e+01
8.246212785322917682e+01
8.270328657726278720e+01
8.294450698224139273e+01
8.318525993947166342e+01
8.342693748654352248e+01
8.366638087809037927e+01
8.390446975260977069e+01
8.414204706773271880e+01
8.438227775804817554e+01
8.462309382375201494e+01
8.486330448725433939e+01
8.510441592597011606e+01
8.534333105817357534e+01
8.558499571608354017e+01
8.582315323479215863e+01
8.606276450733351169e+01
8.630373928235161429e+01
8.654150607117134086e+01
8.677879420163465340e+01
8.700913531410937196e+01
8.724213732765740303e+01
8.747737425599557071e+01
8.771230572326862784e+01
8.794464667072729469e+01
8.818044694374367509e+01
8.842068275383455500e+01
8.866102791605355549e+01
8.889865997043459345e+01
8.913245052836496995e+01
8.937167294684992669e+01
8.961256083512041926e+01
8.985059676606559265e+01
9.008886848381261814e+01
9.032861328159059155e+01
9.056698421594416004e+01
9.080695186225706550e+01
9.104969605760763329e+01
9.129243105410186843e+01
9.153235301976570781e+01
9.177280175003679119e+01
9.201417458870147925e+01
9.225337965766324544e+01
9.249252689245602710e+01
9.273893780300430478e+01
9.298335754721108515e+01
9.323501334981015987e+01
9.348408620770155153e+01
9.372869244155128854e+01
9.397364342382903146e+01
9.421436443736423882e+01
9.446034405714708271e+01
9.470101633589284518e+01
9.494138296507851749e+01
9.517274306681220253e+01
9.540585120670607466e+01
9.564306020837393874e+01
9.588159646639589084e+01
9.611926408743931916e+01
9.636251153459552654e+01
9.660626535008779570e+01
9.684773115395081788e+01
9.708690572277232889e+01
9.732585428900820546e+01
9.756285483247812351e+01
9.780004091793117027e+01
9.804036489977534075e+01
9.827966145503910411e+01
9.851249526231572418e+01
9.875020958145503869e+01
9.898448169155157927e+01
9.922052144302929833e+01
9.945282216171078460e+01
9.968497033695601317e+01
9.991354833776568967e+01
1.001429716319883596e+02
1.003694064499025700e+02
1.005996003822106530e+02
1.008305783417689128e+02
1.010652425323464598e+02
1.013007772456266622e+02
1.015386113095013343e+02
1.017735927736008961e+02
1.020065343712165458e+02
1.022353583543789597e+02
1.024613164890983228e+02
1.026952987564119013e+02
1.029291741561683580e+02
1.031631256911344678e+02
1.033995331585250170e+02
1.036411931738734467e+02
1.038819784060523261e+02
1.041172928147105381e+02
1.043554485753636385e+02
1.045953993881255570e+02
1.048371623968322979e+02
1.050779127122460608e+02
1.053171172656597605e+02
1.055552550341250395e+02
1.057962084910206357e+02
1.060352184173074761e+02
1.062723550537634196e+02
1.065153250883658131e+02
1.067602851931229253e+02
1.070061254440939962e+02
1.072543380310164878e+02
1.075058672309219929e+02
1.077536720744041361e+02
1.080027714097229818e+02
1.082561312475732507e+02
1.085071353104663388e+02
1.087603058960156375e+02
1.090089433930857012e+02
1.092624291816749604e+02
1.095181372146488741e+02
1.097786794735047380e+02
1.100385452536095983e+02
1.103007350712584156e+02
1.105626125212514239e+02
1.108275864047521679e+02
1.110936442596275100e+02
1.113611968305620934e+02
1.116287301244127832e+02
1.118918043262156345e+02
1.121535973430074336e+02
1.124107400515509170e+02
1.126690683415722134e+02
1.129293510304684247e+02
1.131904899166423633e+02
1.134523197971688120e+02
1.137095372463356142e+02
1.139673662934263803e+02
1.142213123637343131e+02
1.144707015694832108e+02
1.147234856833517540e+02
1.149790941790406009e+02
1.152341919702904107e+02
1.154843298668173190e+02
1.157347875337954548e+02
1.159819551240447453e+02
1.162361395708283709e+02
1.164843481554731284e+02
1.167345145873905921e+02
1.169890321651334801e+02
1.172424985567389939e+02
1.174925751270501166e+02
1.177413977159254728e+02
1.179942780612616957e+02
1.182503384678747409e+02
1.185010973851014171e+02
1.187580126753708356e+02
1.190109827833603049e+02
1.192635984699834637e+02
1.195173352598064440e+02
1.197687723926281649e+02
1.200238154786087676e+02
1.202827669108566795e+02
1.205419673118072126e+02
1.208019646727769469e+02
1.210600731482844878e+02
1.213147320185654792e+02
1.215678508548519261e+02
1.218251476200219656e+02
1.220787876703077615e+02
1.223365390751234827e+02
1.225931011335998591e+02
1.228561336131230206e+02
1.231156244780948583e+02
1.233767004739937079e+02
1.236455377608297255e+02
1.239120477449411197e+02
1.241799567981303056e+02
1.244492503647654047e+02
1.247223858434651760e+02
1.249975419969710089e+02
1.252658357362036128e+02
1.255359042293916332e+02
1.258008424255197042e+02
1.260566156174277523e+02
1.263089872542292511e+02
1.265706338588268807e+02
1.268267076929843427e+02
1.270903814521803383e+02
1.273581687967879930e+02
1.276306936177770552e+02
1.278988258361516301e+02
1.281679207988218820e+02
1.284389836250955739e+02
1.287175791807080429e+02
1.289904483654754017e+02
1.292628250737986377e+02
1.295286545029832155e+02
1.297978707036457422e+02
1.300648300718776795e+02
1.303296750287657915e+02
1.305964929603283906e+02
1.308657551775780519e+02
1.311362624824442946e+02
1.314088600805395686e+02
1.316807365001633912e+02
1.319548032022007931e+02
1.322320023300418370e+02
1.325078587985640013e+02
1.327819535146368537e+02
1.330535616437853719e+02
1.333303454383395206e+02
1.336046881666977981e+02
1.338779845519889875e+02
1.341512223092370562e+02
1.344206760932044062e+02
1.346812437100992099e+02
1.349422898934364241e+02
1.351938091139586788e+02
1.354445984928724158e+02
1.356936539333729570e+02
1.359483932496038108e+02
1.362018983339081046e+02
1.364579623825948431e+02
1.367022813515084465e+02
1.369464388969757636e+02
1.371893925011408726e+02
1.374368054230054099e+02
1.376830235775500455e+02
1.379385071984262368e+02
1.381878742433442255e+02
1.384346203822673260e+02
1.386852264715980141e+02
1.389372724906436360e+02
1.391849301749947188e+02
1.394370805856658251e+02
1.396890848625616854e+02
1.399373404041747904e+02
1.401819621451955982e+02
1.404257161960364328e+02
1.406717856537917726e+02
1.409151855517452248e+02
1.411561296097465288e+02
1.413932784232344773e+02
1.416295896479289524e+02
1.418612391831733817e+02
1.420974132361502029e+02
1.423319496900503225e+02
1.425647847866093230e+02
1.427971805059746089e+02
1.430319349317693707e+02
1.432651298651212528e+02
1.435027760510160704e+02
1.437423374226621036e+02
1.439838366676730743e+02
1.442306743155822915e+02
1.444747878129020648e+02
1.447167613551177681e+02
1.449562794849888974e+02
1.451984277121012212e+02
1.454401317667389151e+02
1.456848799981206071e+02
1.459283343120331153e+02
1.461777550406297053e+02
1.464234683366978231e+02
1.466684804351772868e+02
1.469185830122655432e+02
1.471704077260397128e+02
1.474140589548520097e+02
1.476524825351576453e+02
1.478950336977221696e+02
1.481375630566362815e+02
1.483770955587783078e+02
1.486149887184519685e+02
1.488559161939671753e+02
1.490903393839701607e+02
1.493299408242368145e+02
1.495689277608912562e+02
1.498080775333357622e+02
1.500551762167491745e+02
1.502975292782321048e+02
1.505363480863626364e+02
1.507865783450785386e+02
1.510329862828363048e+02
1.512711096613151938e+02
1.515204863545957323e+02
1.517727979469335935e+02
1.520160224054687319e+02
1.522570142975505689e+02
1.525000364950753635e+02
1.527520635875172843e+02
1.529977207053542827e+02
1.532495895093029503e+02
1.534929056332534856e+02
1.537338221914143901e+02
1.539774737225891954e+02
1.542249844501141922e+02
1.544739101194376474e+02
1.547260241231379041e+02
1.549747075412701065e+02
1.552182758079673306e+02
1.554540686610074260e+02
1.556907452288290585e+02
1.559294251029562020e+02
1.561684835121365609e+02
1.564072942337195684e+02
1.566455596013103104e+02
1.568763178295869523e+02
1.571072763231106535e+02
1.573387124406021371e+02
1.575656115856218662e+02
1.577937403524703655e+02
1.580196048520826650e+02
1.582469652775635609e+02
1.584706175511315394e+02
1.586914825338947423e+02
1.589124403823285832e+02
1.591344614224811380e+02
1.593690031718136026e+02
1.596056266931521748e+02
1.598366080596230745e+02
1.600720366936132564e+02
1.603003832271151907e+02
1.605291137069151262e+02
1.607573024438987375e+02
1.609856102209417088e+02
1.612190070596281828e+02
1.614501371184117033e+02
1.616795989994256502e+02
1.619113428697137635e+02
1.621501434632146186e+02
1.623857008330780616e+02
1.626190938365407135e+02
1.628521421088279908e+02
1.630812433089506328e+02
1.633123802980270796e+02
1.635431269790915678e+02
1.637765720734680031e+02
1.640116892185710071e+02
1.642439377540092380e+02
1.644733844461826209e+02
1.647017436319849537e+02
1.649325781438759861e+02
1.651594692028733959e+02
1.653860201273503776e+02
1.656099423786913292e+02
1.658387909922093684e+02
1.660571760626704076e+02
1.662760643472172433e+02
1.664874245339493370e+02
1.666979576154856204e+02
1.669127464107258447e+02
1.671251290074273470e+02
1.673416469971618596e+02
1.675542808427213686e+02
1.677668037281557076e+02
1.679705024212690603e+02
1.681817529675426783e+02
1.683887034191243401e+02
1.685928061392468464e+02
1.687907477582070896e+02
1.689946003739313198e+02
1.692043859169220639e+02
1.694058539620911858e+02
1.696156178856170413e+02
1.698200338846092450e+02
1.700272166143396646e+02
1.702315748379678837e+02
1.704335760780188309e+02
1.706332595547523567e+02
1.708333726824095322e+02
1.710302555570200695e+02
1.712232451103477899e+02
1.714223429896671576e+02
1.716196335451809034e+02
1.718158474726914164e+02
1.719991719527970417e+02
1.721889710617528237e+02
1.723856490946638758e+02
1.725777715147890774e+02
1.727696287046869941e+02
1.729581693198995254e+02
1.731352617254300981e+02
1.733065800859215528e+02
1.734823121178393421e+02
1.736536536571444174e+02
1.738237828441234001e+02
1.739897842999052671e+02
1.741574167573699299e+02
1.743202745575046890e+02
1.744766609001635516e+02
1.746329312488107348e+02
1.747960021498780065e+02
1.749577554938173023e+02
1.751201633287220432e+02
1.752828510397970376e+02
1.754447385918914222e+02
1.756032156380490505e+02
1.757605105374041727e+02
1.759108702635094517e+02
1.760631825990298580e+02
1.762104375298943353e+02
1.763586905640143527e+02
1.765077875106258034e+02
1.766568057526904738e+02
1.768196864658940513e+02
1.769817887237132084e+02
1.771460029563379521e+02
1.773051697474012087e+02
1.774588425530610607e+02
1.776076187483585329e+02
1.777599264272241157e+02
1.779136625630636388e+02
1.780708055411675730e+02
1.782231277420272022e+02
1.783788699042797816e+02
1.785392154030698180e+02
1.787002938152171510e+02
1.788538178719855978e+02
1.790070006974078467e+02
1.791670036499899936e+02
1.793253027371233941e+02
1.794746139657607387e+02
1.796285669714654318e+02
1.797809754677462877e+02
1.799318792516379801e+02
1.800825881168956926e+02
1.802236909993425797e+02
1.803671295664852607e+02
1.805062023916424891e+02
1.806508797334761880e+02
1.807877765177184415e+02
1.809249181249648757e+02
1.810559742040639151e+02
