0.000000000000000000e+00
1.756206702076535675e-01
3.034562342326749262e-01
4.235002223073829342e-01
5.377674886528415188e-01
6.482982192019844936e-01
7.566798546039942286e-01
8.634396670059329981e-01
9.693393376758618896e-01
1.073980982375671633e+00
1.176245438855508585e+00
1.275974160739805408e+00
1.375875502152687613e+00
1.475106483940654467e+00
1.574203881044745179e+00
1.672067537422019967e+00
1.769648522213006281e+00
1.867516000741569648e+00
1.964151486469326802e+00
2.059655899306436222e+00
2.155388476792368113e+00
2.250610390028868757e+00
2.344680218618693246e+00
2.438545666218404850e+00
2.532053715697383467e+00
2.625757105632980704e+00
2.720262230231837552e+00
2.813419450172032654e+00
2.907435256719750338e+00
3.001317754774035951e+00
3.093934471888293292e+00
3.186483627332067581e+00
3.277681178910742954e+00
3.368033091627338660e+00
3.457962597688088113e+00
3.546668915773250941e+00
3.635166960972225692e+00
3.722341982363978286e+00
3.811390143473372127e+00
3.900045515379878758e+00
3.989673363625025004e+00
4.078430458355636112e+00
4.165949898444990751e+00
4.252403674623800534e+00
4.339811893211654059e+00
4.427373448811939838e+00
4.514246255178958833e+00
4.600579106753942327e+00
4.685893430609636034e+00
4.771554082747288206e+00
4.856242545967350388e+00
4.940377057277874684e+00
5.024326278151615810e+00
5.107047447149820840e+00
5.190341970579475550e+00
5.273628124767255620e+00
5.356054350225456062e+00
5.439267139869440548e+00
5.522129531722603346e+00
5.605988321157895804e+00
5.689645255296002624e+00
5.772090101111761129e+00
5.854619832964893966e+00
5.936234906185260840e+00
6.017703561886228236e+00
6.099624003280903928e+00
6.179487691399700999e+00
6.259301380951266758e+00
6.338210462353877972e+00
6.417868298391030457e+00
6.496072220087864224e+00
6.574368540959123486e+00
6.652974385141458669e+00
6.731145907047235255e+00
6.808585515955902778e+00
6.886354074171262774e+00
6.963991294029803214e+00
7.042880768928449164e+00
7.120831810853958999e+00
7.197204220190479340e+00
7.275077992088520240e+00
7.351708380037917046e+00
7.429025920299038077e+00
7.505436417990652309e+00
7.582136893273349720e+00
7.659253529082095113e+00
7.736935052669009494e+00
7.813598062998716287e+00
7.891352684419161712e+00
7.969069351580862381e+00
8.046414469002607817e+00
8.122523328703712409e+00
8.198604679509170268e+00
8.274711979046422528e+00
8.350778077037171343e+00
8.428161516729751668e+00
8.504253061033420380e+00
8.579803065824766151e+00
8.654568947488071373e+00
8.728821481335145904e+00
8.802942695484226476e+00
8.877136169510164265e+00
8.951273252216463305e+00
9.024736776408973427e+00
9.098693444202947234e+00
9.172313556947262470e+00
9.245480581535069575e+00
9.320322385794083786e+00
9.395547593761460092e+00
9.469485233995181162e+00
9.542480930164401798e+00
9.615947872532716545e+00
9.689219648309240540e+00
9.762204467041394551e+00
9.835357137640206915e+00
9.908159343332258118e+00
9.981134819748357145e+00
1.005386176303203172e+01
1.012629251963861954e+01
1.020109158221908174e+01
1.027488465932882278e+01
1.034815779988799278e+01
1.042068082476126634e+01
1.049183520436825212e+01
1.056529019644724343e+01
1.063848563714563333e+01
1.071125470266446378e+01
1.078473713136681056e+01
1.085752672375478589e+01
1.092888114088097318e+01
1.100106101289861549e+01
1.107320999120093319e+01
1.114474069047401805e+01
1.121625924011227404e+01
1.128776879300426650e+01
1.135873186093415832e+01
1.143107880682808286e+01
1.150158101669970101e+01
1.157222884857538503e+01
1.164353931879229442e+01
1.171568980451533903e+01
1.178789297770543065e+01
1.185979378316502597e+01
1.193029014302829260e+01
1.199960164912574001e+01
1.207000744830080130e+01
1.214016827915013330e+01
1.221112350477818964e+01
1.228224628917981676e+01
1.235332862310733582e+01
1.242351085513641706e+01
1.249290261343091579e+01
1.256261949993889893e+01
1.263191401406937864e+01
1.270105219771808791e+01
1.277005922953768646e+01
1.284008906479012424e+01
1.290908405343064835e+01
1.297845799992058247e+01
1.304645946922020094e+01
1.311545208496064774e+01
1.318392611869183639e+01
1.325173096490747504e+01
1.331894307850555315e+01
1.338670574661386681e+01
1.345315299661394448e+01
1.352000395827114687e+01
1.358602174950324759e+01
1.365360118174618087e+01
1.371996659348006808e+01
1.378568881016697567e+01
1.385185497855100500e+01
1.391663753327135211e+01
1.398211585697277037e+01
1.404717833991047016e+01
1.411221621732122422e+01
1.417732417602635131e+01
1.424392172276733071e+01
1.430802662557465332e+01
1.437210875520428210e+01
1.443542500713146737e+01
1.449993639588105054e+01
1.456415420555268447e+01
1.462857579859364421e+01
1.469453959110310493e+01
1.476047683122452980e+01
1.482724583862084522e+01
1.489322078445177056e+01
1.495905496688543757e+01
1.502532460932336100e+01
1.509091775464231056e+01
1.515584680620161251e+01
1.522227753060596633e+01
1.528864039511423556e+01
1.535559933891871331e+01
1.542227816286160724e+01
1.548967662026151437e+01
1.555753742390160888e+01
1.562448629646084441e+01
1.569172302919190187e+01
1.575986744400558237e+01
1.582742911503090966e+01
1.589386047467051988e+01
1.596135460619744784e+01
1.602804897808422169e+01
1.609466294409631359e+01
1.616042039381115103e+01
1.622525709701569951e+01
1.628996421908895087e+01
1.635532927636302958e+01
1.641993574361675812e+01
1.648562648379261830e+01
1.655120742719691407e+01
1.661588723327617600e+01
1.668149403284727939e+01
1.674583774739606312e+01
1.680973649549079951e+01
1.687332672029424785e+01
1.693580453158154597e+01
1.699858343642585723e+01
1.706109584165957216e+01
1.712432424110485840e+01
1.718799943174902367e+01
1.725049435712481483e+01
1.731361592156033069e+01
1.737562839181502738e+01
1.743847157742705178e+01
1.750074371384403804e+01
1.756241536665207192e+01
1.762320787281709400e+01
1.768519207274463056e+01
1.774683743294237814e+01
1.780790846781329151e+01
1.786891546816295673e+01
1.793072115188656923e+01
1.799212456323597564e+01
1.805447487169045928e+01
1.811718190117000660e+01
1.817844776608544066e+01
1.823933948582717335e+01
1.830002818213853644e+01
1.835996953366210604e+01
1.842039858488945825e+01
1.847952620943823376e+01
1.853865783180960847e+01
1.859808079769455347e+01
1.865649974863195482e+01
1.871446166435545422e+01
1.877110300323142056e+01
1.882653200350207712e+01
1.888166743357410837e+01
1.893878622451288862e+01
1.899548117641620237e+01
1.905329565684553828e+01
1.911073269905910621e+01
1.916640021079986056e+01
1.922142301183917823e+01
1.927788956874166004e+01
1.933411067643766756e+01
1.939099772792791043e+01
1.944892686320565289e+01
1.950571237508347622e+01
1.956235901278934008e+01
1.961833679651055107e+01
1.967483979153972484e+01
1.973050093859040288e+01
1.978598667506576447e+01
1.984084805457563760e+01
1.989749460021734251e+01
1.995549744756474908e+01
2.001321983726201736e+01
2.007022778615651859e+01
2.012784309707174657e+01
2.018534274433668330e+01
2.024156622335196687e+01
2.029746855618784096e+01
2.035278378955489131e+01
2.040795196649118282e+01
2.046421948506475275e+01
2.051980440496423697e+01
2.057713621479517840e+01
2.063546017010030198e+01
2.069384677727134658e+01
2.075234112648917062e+01
2.081055386767814497e+01
2.086925789874661419e+01
2.092709796942461153e+01
2.098528801471069016e+01
2.104453475655667205e+01
2.110422864041903424e+01
2.116523647606763703e+01
2.122458626331391329e+01
2.128467009930126608e+01
2.134583449380026110e+01
2.140751486749593013e+01
2.146917295605407361e+01
2.153053868126740156e+01
2.159132085123299660e+01
2.165299034790313115e+01
2.171366672579224399e+01
2.177426275221623797e+01
2.183457341536632512e+01
2.189447445462652198e+01
2.195390011413500275e+01
2.201220350653677826e+01
2.207179637919094972e+01
2.213146602980334876e+01
2.219214736967743917e+01
2.225217291553094867e+01
2.231157109350509415e+01
2.237121373115869716e+01
2.243127556333591599e+01
2.249118271286562631e+01
2.255075627567778795e+01
2.260926417143586420e+01
2.266846237835306610e+01
2.272811341588567302e+01
2.278791814282861594e+01
2.284758231164683551e+01
2.290734513477120160e+01
2.296738622678005015e+01
2.302817361655475992e+01
2.308971497448476029e+01
2.315092641013935904e+01
2.321171845809776002e+01
2.327312219884506561e+01
2.333390553875075213e+01
2.339680718632412493e+01
2.345941074751284816e+01
2.352139964710277908e+01
2.358365394683611882e+01
2.364740209694500450e+01
2.371140586100147374e+01
2.377549862679467552e+01
2.383962986770186987e+01
2.390281552331225257e+01
2.396535984391802998e+01
2.402798556432853516e+01
2.409131883871339141e+01
2.415309243666548156e+01
2.421571201809608809e+01
2.427764469110958245e+01
2.433919657267655978e+01
2.440052110299766142e+01
2.446186094546909828e+01
2.452346330838935273e+01
2.458369664548946076e+01
2.464414195394975948e+01
2.470387784814858634e+01
2.476408406269025875e+01
2.482324262481287747e+01
2.488252234553332798e+01
2.494222867180451075e+01
2.500129157303916472e+01
2.506181414185294898e+01
2.512113264356270648e+01
2.518004413740212755e+01
2.523979101576430395e+01
2.529800850865039763e+01
2.535759709656799998e+01
2.541598083128928920e+01
2.547357272782922522e+01
2.553236134155114812e+01
2.559032375928945058e+01
2.564895773703924675e+01
2.570685144084413665e+01
2.576544228589412810e+01
2.582404834834466811e+01
2.588350657375102770e+01
2.594201238736124182e+01
2.600029513898424227e+01
2.605755361143775417e+01
2.611492175017910711e+01
2.617273737687850499e+01
2.623230541260713977e+01
2.629221571882373709e+01
2.635301158699351731e+01
2.641317390898005968e+01
2.647310165165448126e+01
2.653562847747850739e+01
2.659668333018139919e+01
2.665880316166145647e+01
2.672144128525252782e+01
2.678328781507093836e+01
2.684486745263327023e+01
2.690770844863865108e+01
2.697059964525572795e+01
2.703364003996318843e+01
2.709681374477225191e+01
2.715976804150741941e+01
2.722229616838817989e+01
2.728443808515915237e+01
2.734609535359309263e+01
2.740807501404750823e+01
2.747136971312206910e+01
2.753637380399392143e+01
2.760031047808536542e+01
2.766460344967356733e+01
2.772977368137557264e+01
2.779396672217804110e+01
2.785975083886232895e+01
2.792494336909257058e+01
2.798955466357788069e+01
2.805232589404674926e+01
2.811580472504189032e+01
2.817884218737055946e+01
2.824226443759311067e+01
2.830681452752107319e+01
2.837074494694964599e+01
2.843395709484429190e+01
2.849566083450759635e+01
2.855895268888483329e+01
2.862270367112306246e+01
2.868541123933304959e+01
2.874854283570581970e+01
2.880989043722211917e+01
2.887250674510024595e+01
2.893482585130822926e+01
2.899609151931817763e+01
2.905778294266568196e+01
2.911981285715739176e+01
2.918200838616978032e+01
2.924455307245933966e+01
2.930601060442281991e+01
2.936786303243446028e+01
2.942913459106779683e+01
2.949196683807584662e+01
2.955576283172350927e+01
2.961960210192306775e+01
2.968120697830437393e+01
2.974293449897495378e+01
2.980456358968582720e+01
2.986806521011908799e+01
2.993123507122959381e+01
2.999455305111694514e+01
3.005887154426039842e+01
3.012265825971515198e+01
3.018529226800701792e+01
3.024604793847643336e+01
3.030674783866244582e+01
3.036811624065427040e+01
3.042934841156952075e+01
3.049007146538790636e+01
3.055163390614186625e+01
3.061407765342123355e+01
3.067648790986845597e+01
3.073796384811009474e+01
3.079893225496491027e+01
3.085659009818256138e+01
3.091483407685373663e+01
3.097285475054531645e+01
3.103030907185283027e+01
3.108882508586884796e+01
3.114639960181118639e+01
3.120437794004817889e+01
3.126099727106775461e+01
3.131876589241096909e+01
3.137722314725808914e+01
3.143613272994443264e+01
3.149687152563961945e+01
3.155498126976384654e+01
3.161339854048237541e+01
3.167107238228061306e+01
3.172855155764341717e+01
3.178491706277245044e+01
3.183948925563960586e+01
3.189570967308093330e+01
3.195287510715064272e+01
3.200763799691301870e+01
3.206203967274378641e+01
3.211484202726688864e+01
3.217000265264935877e+01
3.222365004093740737e+01
3.227675903563164894e+01
3.233236393134480835e+01
3.238711565248063806e+01
3.244290693286262695e+01
3.249941378510433765e+01
3.255606048399341290e+01
3.261359413850737354e+01
3.266910878732650758e+01
3.272469948333073830e+01
3.277981282919418504e+01
3.283651884219340644e+01
3.289218616898656222e+01
3.294640237254269977e+01
3.300083149969317020e+01
3.305527746566153269e+01
3.311025027392514630e+01
3.316766221146261273e+01
3.322401187670959644e+01
3.328031296818182483e+01
3.333701178777223362e+01
3.339343977634054994e+01
3.344887608694286030e+01
3.350349309237758177e+01
3.355864593194306877e+01
3.361404360599185281e+01
3.366856668862356372e+01
3.372345679173938748e+01
3.377831479963855799e+01
3.383153842163962821e+01
3.388543714081011871e+01
3.394027546441941467e+01
3.399408097139986751e+01
3.404763674845766275e+01
3.410046697465567433e+01
3.415212441959542389e+01
3.420345167738074110e+01
3.425491555350098594e+01
3.430539309855247865e+01
3.435673274771703234e+01
3.440630664541763650e+01
3.445665144606559949e+01
3.450681432235172252e+01
3.455726430049924858e+01
3.460945674819506479e+01
3.466101953328796981e+01
3.471273969748636290e+01
3.476243007220086412e+01
3.481352238996943527e+01
3.486439377349805113e+01
3.491584607644521299e+01
3.496675177276382840e+01
3.501735414395579227e+01
3.506880700856361699e+01
3.512101185674509907e+01
3.517450725894128283e+01
3.522575021190055367e+01
3.527770360864307975e+01
3.533144411235191740e+01
3.538376800102863484e+01
3.543586042717002016e+01
3.549030941948778661e+01
3.554376769825958604e+01
3.559604577484680732e+01
3.564860838984886016e+01
3.570223797702901436e+01
3.575569867663193691e+01
3.580714784631107506e+01
3.585965518869358704e+01
3.591264233559919461e+01
3.596565975207318644e+01
3.601793588522656364e+01
3.606880707841238376e+01
3.611871881703861931e+01
3.616932212961425108e+01
3.622227620967179007e+01
3.627445053203160796e+01
3.632676669669263703e+01
3.637859380601318549e+01
3.643065567543159489e+01
3.648151507612509903e+01
3.653276400878888808e+01
3.658557269947702650e+01
3.664041383016212450e+01
3.669599671114551853e+01
3.675167271600563623e+01
3.680909884778049701e+01
3.686647653532639168e+01
3.692337043561200716e+01
3.698082582222676251e+01
3.703715647819152679e+01
3.709357695280065315e+01
3.714976839644096174e+01
3.720582021477798662e+01
3.726090585664088906e+01
3.731597208091064743e+01
3.737013716237145644e+01
3.742404074243849266e+01
3.747838600837384604e+01
3.753120510919753627e+01
3.758446635886762266e+01
3.763691811928229924e+01
3.768930390564541710e+01
3.773958878081002410e+01
3.779159507385833905e+01
3.784250658636221942e+01
3.789251871027492768e+01
3.794243167215422119e+01
3.799238501994761918e+01
3.804240422040673053e+01
3.809070241020985748e+01
3.813980122918088966e+01
3.818819229244340363e+01
3.823588024630246451e+01
3.828331986619044613e+01
3.833002540590829454e+01
3.837835890010170914e+01
3.842902071348953541e+01
3.847825323435942124e+01
3.852799080469101511e+01
3.857863264143882276e+01
3.863011569841481929e+01
3.867973326559532410e+01
3.872907303937405032e+01
3.877908803134691595e+01
3.882939003180076298e+01
3.887986375594694266e+01
3.892913101870556858e+01
3.898005515085589678e+01
3.903196953536606628e+01
3.908423792786149420e+01
3.913532961479380390e+01
3.918740559234601761e+01
3.923751913028684157e+01
3.928657356913078758e+01
3.933414105359302937e+01
3.938130786514891213e+01
3.943056977312254219e+01
3.948064388934803048e+01
3.952955444932815254e+01
3.957599158187994703e+01
3.962101078903273077e+01
3.966874925945455033e+01
3.971755793526742906e+01
3.976718977012068024e+01
3.981770516056486287e+01
3.986611796813743780e+01
3.991518069128601809e+01
3.996427296342083224e+01
4.001444921493946794e+01
4.006216677867003284e+01
4.010926586761898704e+01
4.015664408832108023e+01
4.020307490828647445e+01
4.025064536066062004e+01
4.029975190148173425e+01
4.034838754062815269e+01
4.039549973150345608e+01
4.044297192791196238e+01
4.049095554115636020e+01
4.053912612929419623e+01
4.058703882083597847e+01
4.063598881733056345e+01
4.068374417445633640e+01
4.072958802737372963e+01
4.077643967161679228e+01
4.082243434448056263e+01
4.086812958213873515e+01
4.091527154549496714e+01
4.096094839404997856e+01
4.100753762194164409e+01
4.105530837778333364e+01
4.110164016355081884e+01
4.114792238091447274e+01
4.119371113732035639e+01
4.124195659275871151e+01
4.128786785202481013e+01
4.133280462321355486e+01
4.137819238622606122e+01
4.142471858802048956e+01
4.147208363743229853e+01
4.152134345922279834e+01
4.157134460314490809e+01
4.162047392269757040e+01
4.166869629554494736e+01
4.171917573661173861e+01
4.177092049057895906e+01
4.182280256201991619e+01
4.187318199742042424e+01
4.192317051707994580e+01
4.197262367193391697e+01
4.202326823521163845e+01
4.207595547158055638e+01
4.212916152961751237e+01
4.218254428899884800e+01
4.223441076444897391e+01
4.228737461369609463e+01
4.233963887154819616e+01
4.239444165942779108e+01
4.244858829101061559e+01
4.250124979487946320e+01
4.255505179508380564e+01
4.261116912374925647e+01
4.266797366673488057e+01
4.272340726748775808e+01
4.277854111726523456e+01
4.283246240451948950e+01
4.288701187069823106e+01
4.294160539422187384e+01
4.299837900253900358e+01
4.305659410726666891e+01
4.311427534025656882e+01
4.317367325782950616e+01
4.323141255546798334e+01
4.328901376119453204e+01
4.334898368642392086e+01
4.340771851053276009e+01
4.346474238439409987e+01
4.352175670413850384e+01
4.357866601526211525e+01
4.363698623657597153e+01
4.369589421601026658e+01
4.375406309594918497e+01
4.381304909043223716e+01
4.387296785819184208e+01
4.393125551190397715e+01
4.398827234337333181e+01
4.404707224217359851e+01
4.410485305189573069e+01
4.416310094836444478e+01
4.421915506966846721e+01
4.427764882044449024e+01
4.433398407390991025e+01
4.439270095349818490e+01
4.445244754168376744e+01
4.451193044820992384e+01
4.456936163565751485e+01
4.462583572028754020e+01
4.468166427605814306e+01
4.473889871261783924e+01
4.479706397546961227e+01
4.485591654872587952e+01
4.491543152123093563e+01
4.497537704292826533e+01
4.503281702016189314e+01
4.509121096201972279e+01
4.514924495263503701e+01
4.520686599907529768e+01
4.526392646183951740e+01
4.532263880817988166e+01
4.538045113457899049e+01
4.543882261751326013e+01
4.549848074763812633e+01
4.555974054789080441e+01
4.562069621558306665e+01
4.568194934219719983e+01
4.574432958722781706e+01
4.580579431873083962e+01
4.586881408240064673e+01
4.593325573603569012e+01
4.599796975935338139e+01
4.606412050870166297e+01
4.612861207443787492e+01
4.619563077832380316e+01
4.626284845193132611e+01
4.633013968665505899e+01
4.639637405530612568e+01
4.646120039231970367e+01
4.652481190530556887e+01
4.658788373218756362e+01
4.665262147128933634e+01
4.671586045449507907e+01
4.677979821243081915e+01
4.684571701168019331e+01
4.690817292112704706e+01
4.697174364332348517e+01
4.703616572317460509e+01
4.709965152572947034e+01
4.716224405702111255e+01
