0.000000000000000000e+00
1.866034060348412960e-01
3.228519017855100981e-01
4.500887620194983230e-01
5.723140981390716364e-01
6.912018558054016104e-01
8.074421372472821989e-01
9.233005028166312300e-01
1.039162023803549495e+00
1.153583384623642072e+00
1.266703428456359193e+00
1.380115345877704236e+00
1.492971370547443000e+00
1.603885910189544850e+00
1.714357866278572562e+00
1.823788608963542224e+00
1.932754871145607067e+00
2.041344805821376784e+00
2.148913969162940418e+00
2.257427719206134942e+00
2.364995068503639164e+00
2.472894561092822574e+00
2.580547154574671431e+00
2.687592680938712508e+00
2.794288576522517609e+00
2.901618467895545450e+00
3.007941231899550871e+00
3.113741307572287731e+00
3.218091757925404917e+00
3.323288716705851797e+00
3.428628008634887703e+00
3.531991090757698792e+00
3.635153440431192706e+00
3.738923768180381302e+00
3.843396142966864382e+00
3.947502500299899797e+00
4.051170039342245843e+00
4.153584625333650138e+00
4.256923054024783326e+00
4.359845668022017229e+00
4.461773747183640282e+00
4.563308391594433466e+00
4.664469413598197889e+00
4.766081580374072146e+00
4.867742054687508535e+00
4.969332983879176879e+00
5.070025104932731175e+00
5.170196466481327136e+00
5.270489740415844615e+00
5.371368887728693586e+00
5.472901319969120770e+00
5.574114256537749057e+00
5.674503438307000991e+00
5.775339986410980231e+00
5.876882793698518626e+00
5.976899375144312465e+00
6.076787537438494979e+00
6.176714421529537979e+00
6.275738161473379151e+00
6.374056288639097900e+00
6.473037069324864667e+00
6.572472933727602218e+00
6.669971708363027219e+00
6.766585251387247091e+00
6.864341665302979401e+00
6.960563975518281765e+00
7.056682452661735105e+00
7.153567898621258969e+00
7.249363408874887504e+00
7.345113953614602842e+00
7.439779466643846817e+00
7.533482596148732391e+00
7.627839333326068783e+00
7.720901438677054252e+00
7.813434052142027575e+00
7.906271026277799763e+00
7.997233837579636351e+00
8.087512611385252015e+00
8.178687559578236232e+00
8.269301859005478761e+00
8.359340631734115235e+00
8.449574130613093814e+00
8.539898003821134509e+00
8.629356883263136879e+00
8.719198055050881635e+00
8.808454107815922640e+00
8.898035001098532959e+00
8.988257522664593324e+00
9.078581856373800107e+00
9.168872308540739979e+00
9.258916478232034564e+00
9.346991108001079240e+00
9.435809767330969322e+00
9.523712218589144740e+00
9.611502960355821301e+00
9.697897630709860550e+00
9.785561413243909712e+00
9.873464023361780306e+00
9.962416622143310363e+00
1.005091749212787100e+01
1.014073721795200811e+01
1.023043380360649124e+01
1.031963005980585102e+01
1.040783318359375897e+01
1.049654536544549011e+01
1.058448869676615445e+01
1.067200585842000571e+01
1.075921283624521863e+01
1.084771449081550365e+01
1.093491298610606854e+01
1.102040802667527153e+01
1.110631924374112067e+01
1.119253858574213822e+01
1.127888917493708476e+01
1.136496690034420887e+01
1.145006125396191976e+01
1.153651466452356722e+01
1.162262338670285011e+01
1.170865217755343402e+01
1.179493923636383634e+01
1.188133987100096078e+01
1.196738774943466588e+01
1.205362733930744490e+01
1.213949168042471705e+01
1.222596259846822342e+01
1.231135003787773385e+01
1.239700468317386672e+01
1.248131609164732048e+01
1.256575423799758084e+01
1.264988729916915844e+01
1.273236690479452449e+01
1.281516199915865251e+01
1.289872974841839692e+01
1.298390996442268630e+01
1.306825253848260004e+01
1.315115900824581452e+01
1.323469744750055987e+01
1.331765874237002656e+01
1.340002304732044891e+01
1.348320697697665693e+01
1.356518784510180708e+01
1.364791884949325862e+01
1.373001001989103820e+01
1.381292351694470710e+01
1.389645791608968395e+01
1.397900028777116610e+01
1.405999122161276027e+01
1.414123084627798299e+01
1.422259523422445504e+01
1.430511350005164495e+01
1.438611206814196208e+01
1.446743002319186822e+01
1.454774631619549119e+01
1.462872945299324634e+01
1.471117910047038357e+01
1.479281427195632048e+01
1.487610171493187927e+01
1.495981660510829414e+01
1.504109127386729838e+01
1.512310838271784164e+01
1.520251728756594467e+01
1.528240289967916254e+01
1.536182723684986406e+01
1.544164989940856003e+01
1.552087034378310015e+01
1.559900682954293849e+01
1.567755892371819648e+01
1.575609621001863303e+01
1.583594899240081233e+01
1.591510286931804075e+01
1.599499423511703533e+01
1.607361596397128523e+01
1.615253640806445290e+01
1.623124631120368022e+01
1.631097781028663363e+01
1.639003184081018460e+01
1.646892218227479532e+01
1.654940674180722482e+01
1.663207002186305061e+01
1.671380429558339387e+01
1.679636636347486700e+01
1.687700105324085698e+01
1.695859598383678346e+01
1.704041852205726926e+01
1.712193710947848757e+01
1.720353825328330188e+01
1.728481506612434515e+01
1.736505907900054524e+01
1.744659846187877150e+01
1.752787857013256811e+01
1.760863332832338912e+01
1.768839282845880234e+01
1.776933181905582870e+01
1.785099568124484293e+01
1.793158084964862553e+01
1.801251078721367449e+01
1.809321042222957487e+01
1.817289509177643936e+01
1.825263202329128021e+01
1.833413681152089225e+01
1.841457558849689136e+01
1.849534725285698400e+01
1.857545947669356678e+01
1.865509824604032829e+01
1.873481375304245589e+01
1.881418656453425342e+01
1.889497788491360808e+01
1.897592542059536669e+01
1.905732686025966416e+01
1.913771609271882213e+01
1.921740897809238291e+01
1.929653055871317591e+01
1.937676219799561395e+01
1.945766398261457653e+01
1.953970186780418672e+01
1.961889233038035485e+01
1.969896444260334434e+01
1.978037389938990387e+01
1.986217145106298076e+01
1.994452323035204699e+01
2.002678820572650409e+01
2.010883484143248623e+01
2.019003801751056315e+01
2.027212198788587116e+01
2.035435938711027504e+01
2.043743610468315097e+01
2.051886687510690876e+01
2.059924921280319055e+01
2.067774551886790846e+01
2.075501002203145617e+01
2.083174695342790628e+01
2.090859596591722180e+01
2.098519387925897206e+01
2.105977496773567381e+01
2.113558282300253310e+01
2.121214872941454388e+01
2.128901046095516492e+01
2.136630131421884826e+01
2.144322560453591464e+01
2.152049775507741813e+01
2.159735657199948733e+01
2.167234700507040301e+01
2.174745510677448124e+01
2.182065378729011940e+01
2.189467704977329632e+01
2.196811601855804241e+01
2.204015658533851507e+01
2.211126867251753580e+01
2.218193151279061226e+01
2.225135026352210588e+01
2.232157225154258740e+01
2.239220932332667502e+01
2.246350232598624785e+01
2.253546929899087914e+01
2.260703379232894505e+01
2.267869335611032255e+01
2.274967485635119502e+01
2.282235153804680650e+01
2.289402505439082702e+01
2.296398876351139862e+01
2.303584351451833712e+01
2.310623555001603435e+01
2.317744936883538287e+01
2.324974616561947727e+01
2.332169620345369054e+01
2.339379536080796029e+01
2.346740529673770936e+01
2.353988829096989477e+01
2.361150996602652086e+01
2.368273585131196413e+01
2.375196416096587271e+01
2.382074316315361884e+01
2.388959842842514547e+01
2.396040742567391746e+01
2.403078901630530950e+01
2.409910774984515314e+01
2.416750324903547664e+01
2.423505719995707963e+01
2.430278638368543298e+01
2.436920403065596830e+01
2.443601873376782763e+01
2.450243862687874596e+01
2.456739246745970462e+01
2.463042523440404352e+01
2.469336591910079193e+01
2.475569439523778215e+01
2.481701281652422963e+01
2.487919622564220390e+01
2.494096647426894364e+01
2.500299421256905319e+01
2.506440772766119096e+01
2.512617046002995380e+01
2.518663643440691757e+01
2.524745081413591308e+01
2.530833330694703420e+01
2.537037165437462605e+01
2.543186412897503956e+01
2.549402902009206073e+01
2.555550397772918103e+01
2.561718549652902510e+01
2.567842534088650552e+01
2.573914813450317496e+01
2.580183671511157684e+01
2.586457523115110391e+01
2.592894858796729451e+01
2.599361696682807121e+01
2.605949561782606239e+01
2.612415153114034894e+01
2.619013684641950235e+01
2.625620067614116593e+01
2.632186763957939490e+01
2.638768189525994146e+01
2.645373904864569425e+01
2.651887850988652673e+01
2.658404454572810494e+01
2.664855823401062551e+01
2.671413871236416426e+01
2.677852437530787455e+01
2.684286325733187439e+01
2.690758918750463025e+01
2.697187027082717847e+01
2.703539313418942669e+01
2.709987361390959393e+01
2.716503525379193817e+01
2.723049581472250580e+01
2.729492110033271146e+01
2.736044143200518874e+01
2.742505504765115987e+01
2.749035758520009409e+01
2.755646741855576920e+01
2.762024618548997168e+01
2.768585701925913511e+01
2.775113038158175272e+01
2.781542839879652362e+01
2.788029946926278413e+01
2.794371796002623398e+01
2.800627571098072366e+01
2.806831022483231308e+01
2.813130777463742049e+01
2.819439778166420041e+01
2.825735677758673958e+01
2.831941380036479572e+01
2.838017258196001080e+01
2.844033790230895775e+01
2.849972054254133624e+01
2.855777111718267847e+01
2.861516356828559182e+01
2.867262016284799131e+01
2.873005979721264325e+01
2.878881961511900656e+01
2.884663724211686642e+01
2.890442324825493969e+01
2.896081353094256983e+01
2.901809618164583426e+01
2.907484361721707700e+01
2.913266652821619473e+01
2.918997220315540986e+01
2.924706869104342388e+01
2.930293794346787095e+01
2.935900605324350821e+01
2.941448124674404596e+01
2.947092747641186961e+01
2.952538865490856068e+01
2.957975857179750534e+01
2.963454159326596482e+01
2.969026459411313468e+01
2.974511678810922888e+01
2.980030194802272447e+01
2.985457991935902911e+01
2.990983502843004871e+01
2.996317742046657173e+01
3.001733046292741847e+01
3.007136865709017215e+01
3.012514902922218951e+01
3.018256571398273991e+01
3.023798830375165636e+01
3.029370667299952657e+01
3.034786861392079160e+01
3.040048318618849521e+01
3.045296108587783124e+01
3.050537322285047992e+01
3.055760841275626660e+01
3.061004084680964255e+01
3.066275722762049227e+01
3.071643783790121063e+01
3.077183073633724675e+01
3.082594186533297176e+01
3.088155013495607548e+01
3.093681477798855184e+01
3.099111403526819686e+01
3.104637789227848543e+01
3.110025434239614128e+01
3.115376803488799240e+01
3.120850114695543454e+01
3.126092336576985176e+01
3.131477864141753997e+01
3.136835430308142492e+01
3.142134881835539417e+01
3.147369025372645979e+01
3.152768274177862651e+01
3.158311154493640771e+01
3.163689827040469993e+01
3.168945067006577077e+01
3.174182136684179767e+01
3.179318601075433293e+01
3.184228848061554729e+01
3.189220543944801989e+01
3.194328642280274622e+01
3.199417931621442079e+01
3.204578494134069189e+01
3.209725543864563946e+01
3.214630103396385152e+01
3.219664412173131751e+01
3.224753414830500731e+01
3.229744066630205168e+01
3.234717450294931496e+01
3.239768585499614062e+01
3.244756379695066073e+01
3.249721730237646966e+01
3.254509986882530370e+01
3.259406848939219259e+01
3.264522168511395250e+01
3.269533664811778806e+01
3.274466431415641665e+01
3.279404391944500219e+01
3.284159562862492265e+01
3.288969637444874650e+01
3.293953463590059272e+01
3.298829115344827301e+01
3.303796715757594171e+01
3.308672781615299385e+01
3.313681177888111051e+01
3.318762681958877891e+01
3.323688833962951605e+01
3.328652833047505766e+01
3.333597547214442613e+01
3.338483334229791666e+01
3.343277030482448708e+01
3.348105253628750688e+01
3.353085803014530342e+01
3.358062429991453257e+01
3.362869989113311675e+01
3.367605659346238411e+01
3.372475941460305648e+01
3.377307542869482404e+01
3.382165998327049294e+01
3.387048656650615186e+01
3.391967733122104534e+01
3.396987061122244000e+01
3.401948655179791814e+01
3.407057166462787023e+01
3.412066952048935775e+01
3.417264941249224819e+01
3.422536553877304755e+01
3.427793169546248464e+01
3.433174767259844629e+01
3.438432440336800511e+01
3.443770352711891292e+01
3.449045894952740099e+01
3.454336352029715584e+01
3.459654443447266203e+01
3.465042316023104974e+01
3.470252121443331106e+01
3.475551583167966641e+01
3.481004815267764485e+01
3.486457164524637875e+01
3.491921347282829657e+01
3.497455293133141652e+01
3.502820855415449586e+01
3.508340196539000999e+01
3.513781455688633315e+01
3.519092870133710704e+01
3.524502288114537407e+01
3.529812478509088436e+01
3.535356396902096066e+01
3.540777262087895849e+01
3.546178425565622661e+01
3.551616511193820713e+01
3.556955781601229205e+01
3.562401027547827681e+01
3.567850309992962110e+01
3.573377448557103264e+01
3.579058424049662079e+01
3.584733321684620933e+01
3.590639607179546999e+01
3.596328228495350743e+01
3.602197509180562207e+01
3.607974203869105878e+01
3.613479842914678386e+01
3.619089503935715868e+01
3.624360938609923721e+01
3.629668343497780114e+01
3.634992380432423431e+01
3.640162556795571192e+01
3.645308437826385983e+01
3.650833472475639496e+01
3.656281647689515069e+01
3.661857604742291983e+01
3.667457246978723617e+01
3.672991787010901277e+01
3.678595442458518505e+01
3.684244211826828774e+01
3.689933745860015790e+01
3.695571758270975238e+01
3.700993926218121288e+01
3.706555336753437757e+01
3.712122138795417925e+01
3.717767577084580211e+01
3.723357443253844679e+01
3.729019820112258543e+01
3.734765916049804702e+01
3.740426855068104572e+01
3.746113408010546664e+01
3.751765914378566436e+01
3.757698770989352255e+01
3.763477066540318816e+01
3.769222544113740270e+01
3.774923697867352956e+01
3.780655292633266384e+01
3.786472194836738225e+01
3.791948820870589998e+01
3.797314493799481738e+01
3.802871405589232978e+01
3.808383890304714470e+01
3.813998311987887746e+01
3.819493039365936937e+01
3.824798487971145278e+01
3.829992559158186793e+01
3.835368587895743531e+01
3.840828264528362723e+01
3.846194553133504712e+01
3.851598294864790262e+01
3.856781573764227034e+01
3.862055120040322009e+01
3.867271796705175291e+01
3.872521034585407307e+01
3.877744677254495542e+01
3.882983299667343857e+01
3.888053909863326396e+01
3.893042201362241173e+01
3.898038727731935893e+01
3.903058925661393630e+01
3.907996093153202821e+01
3.912850601671932083e+01
3.917561456458308555e+01
3.922401684226094432e+01
3.927057548327393732e+01
3.931450922690699912e+01
3.935929280176179645e+01
3.940371531561515894e+01
3.944952102759722834e+01
3.949568114397570184e+01
3.954294548573302137e+01
3.958849343011649324e+01
3.963434134657418184e+01
3.968012058643460449e+01
3.972632752571384884e+01
3.977088259263818060e+01
3.981508210852487650e+01
3.985969143719511010e+01
3.990540332738274287e+01
3.994925007814895679e+01
3.999242898753132636e+01
4.003720667942605616e+01
4.008125904274146478e+01
4.012314389845067808e+01
4.016653528096904324e+01
4.020992921417960986e+01
4.025542507574717632e+01
4.030022028749206697e+01
4.034492213443855491e+01
4.038986650208805429e+01
4.043573566997669388e+01
4.047988083864120057e+01
4.052508566551195202e+01
4.056946596499943780e+01
4.061408770855447870e+01
4.065824985689584281e+01
4.070325636309247130e+01
4.074888331233871241e+01
4.079686461230163985e+01
4.084223290717358168e+01
4.088664633907588808e+01
4.093142012272029717e+01
4.097452564356878213e+01
4.101828049734332637e+01
4.106386411804474079e+01
4.110943135306101937e+01
4.115273867283728748e+01
4.119527474357298757e+01
4.123773489256369373e+01
4.128150387034362012e+01
4.132508459414275137e+01
4.136961430850125510e+01
4.141464963332145999e+01
4.145843566724769858e+01
4.150168332667603721e+01
4.154519076211863648e+01
4.159020718364570257e+01
4.163491452278764626e+01
4.167861433333669652e+01
4.172237504065088842e+01
4.176486854935104276e+01
4.180872621480020257e+01
4.185094616240041177e+01
4.189303155309654869e+01
4.193568370115814758e+01
4.197672795904655629e+01
4.201630480666592149e+01
4.205575419793964187e+01
4.209254185206327037e+01
4.213030181009223440e+01
4.216820987180817326e+01
4.220356167727402408e+01
4.223984179038376396e+01
4.227666604092745928e+01
4.231307165891680455e+01
4.234791387707116428e+01
4.238550035187385845e+01
4.242242613792864603e+01
4.245868783083083997e+01
4.249598636136240515e+01
4.253167093427150292e+01
4.256798081085844387e+01
4.260597308891169632e+01
4.264308467694143445e+01
4.267911749928863685e+01
4.271612319493732457e+01
4.275398226842359151e+01
4.279170911147014777e+01
4.283203920459686742e+01
4.287384645252818416e+01
4.291341773811392102e+01
4.295245987128065934e+01
4.299154539101674288e+01
4.303034290435459042e+01
4.307033828122965247e+01
4.310965907551955922e+01
4.315035164308205395e+01
4.319055953136642501e+01
4.323254118880058172e+01
4.327178763194396538e+01
4.331064312151502804e+01
4.334868611453184428e+01
4.338637361857179542e+01
4.342212182635373097e+01
4.345783403863060812e+01
4.349338624799278819e+01
4.353016885213880016e+01
4.356710250672453100e+01
4.360246028471200219e+01
4.364002047407654317e+01
4.367632555204572498e+01
4.371356176795265469e+01
4.375125758433102874e+01
4.378969921776605645e+01
4.382653631168346209e+01
4.386538405889435666e+01
4.390406542506487142e+01
4.394363497642115135e+01
4.398342277016769941e+01
4.402167220875627152e+01
4.405991340690384561e+01
4.409782647703809033e+01
4.413556669483787687e+01
4.417361952694264460e+01
4.421243755834635181e+01
4.425179822872649282e+01
4.429170786979938157e+01
4.433134596176628150e+01
4.437022802682719202e+01
4.440832479101179331e+01
4.444752326160378431e+01
4.448451900366298162e+01
4.452214303506057291e+01
4.456043666713858187e+01
4.460029742357845350e+01
4.463839054945925966e+01
4.467720041318554536e+01
4.471915154717400043e+01
4.476072711601446485e+01
4.480266921122365176e+01
4.484077642443739364e+01
4.488047641588951819e+01
4.492210002339746922e+01
4.496333378148731441e+01
4.500523434648994936e+01
4.504777581776438922e+01
4.508946947689066320e+01
4.513213163473864142e+01
4.517464105028332000e+01
4.521849817116081027e+01
4.526327594678582500e+01
4.530654282774427344e+01
4.534884208516463389e+01
4.538958268260480367e+01
4.542845277040993324e+01
4.546761915085090777e+01
4.550822448878287929e+01
4.554750514241415971e+01
4.558643305302681625e+01
4.562541303333799902e+01
4.566346353173134531e+01
4.570235938386125696e+01
4.574265099508797761e+01
4.578243578809929915e+01
4.582090217971411050e+01
4.585829310727834240e+01
4.589515019958030706e+01
4.593184460388712154e+01
4.596806501145999846e+01
4.600322533452121121e+01
4.603867213913223111e+01
4.607104175790643552e+01
4.610644904339984862e+01
4.614037284768861014e+01
4.617418432428431174e+01
4.620823157666767145e+01
4.624067778654354299e+01
4.627645322114753412e+01
4.631154583190555485e+01
4.634723148134445836e+01
4.638034699828243390e+01
4.641308872867826807e+01
4.644375928657125741e+01
4.647549464492929161e+01
4.650936989079384887e+01
4.654347937904339005e+01
4.657728761688765928e+01
4.661134630894139264e+01
4.664613716238957863e+01
4.668234266106593111e+01
4.671856271713144793e+01
4.675313191614115738e+01
4.678781157149990122e+01
4.682058196209538181e+01
4.685113704245338084e+01
4.688053694730479037e+01
4.691182132737332466e+01
4.694317553366269635e+01
4.697262378193845933e+01
4.700200987865447644e+01
4.703225717336705713e+01
4.706211885470899858e+01
4.709299330707904119e+01
4.712417094308791832e+01
4.715589250263391818e+01
4.718869581222861598e+01
4.722001362152639814e+01
4.724965752890123127e+01
4.728193011081634012e+01
