1 0.01138848396501458 0.015401076922662179 0.013840578244476959
2 0.012100264212827989 0.014948104071995646 0.013840578244476959
3 0.012812044460641402 0.014495131221329111 0.013840578244476959
4 0.012812044460641402 0.014495131221329111 0.013840578244476959
5 0.012100264212827989 0.014948104071995646 0.013840578244476959
6 0.013523824708454812 0.014042158370662578 0.013840578244476959
7 0.014947385204081636 0.013136212669329506 0.013840578244476959
8 0.014947385204081636 0.013136212669329506 0.013840578244476959
9 0.014947385204081636 0.013136212669329506 0.013840578244476959
10 0.014235604956268225 0.013589185519996043 0.013840578244476959
11 0.014947385204081636 0.013136212669329506 0.013840578244476959
12 0.014235604956268225 0.013589185519996043 0.013840578244476959
13 0.014235604956268225 0.013589185519996043 0.013840578244476959
14 0.014235604956268225 0.013589185519996043 0.013840578244476959
15 0.014947385204081636 0.013136212669329506 0.013840578244476959
16 0.014947385204081636 0.013136212669329506 0.013840578244476959
17 0.01565916545189505 0.012683239818662971 0.013840578244476959
18 0.014947385204081636 0.013136212669329506 0.013840578244476959
19 0.014235604956268225 0.013589185519996043 0.013840578244476959
20 0.013523824708454812 0.014042158370662578 0.013840578244476959
21 0.014235604956268225 0.013589185519996043 0.013840578244476959
22 0.014947385204081636 0.013136212669329506 0.013840578244476959
23 0.014947385204081636 0.013136212669329506 0.013840578244476959
24 0.01565916545189505 0.012683239818662971 0.013840578244476959
25 0.01565916545189505 0.012683239818662971 0.013840578244476959
26 0.01565916545189505 0.012683239818662971 0.013840578244476959
27 0.014947385204081636 0.013136212669329506 0.013840578244476959
28 0.014947385204081636 0.013136212669329506 0.013840578244476959
29 0.013523824708454812 0.014042158370662578 0.013840578244476959
30 0.013523824708454812 0.014042158370662578 0.013840578244476959
31 0.013523824708454812 0.014042158370662578 0.013840578244476959
32 0.012812044460641402 0.014495131221329111 0.013840578244476959
33 0.014235604956268225 0.013589185519996043 0.013840578244476959
34 0.014235604956268225 0.013589185519996043 0.013840578244476959
35 0.014235604956268225 0.013589185519996043 0.013840578244476959
36 0.014235604956268225 0.013589185519996043 0.013840578244476959
37 0.013523824708454812 0.014042158370662578 0.013840578244476959
38 0.014235604956268225 0.013589185519996043 0.013840578244476959
39 0.014235604956268225 0.013589185519996043 0.013840578244476959
40 0.014235604956268225 0.013589185519996043 0.013840578244476959
41 0.014235604956268225 0.013589185519996043 0.013840578244476959
42 0.014235604956268225 0.013589185519996043 0.013840578244476959
43 0.014235604956268225 0.013589185519996043 0.013840578244476959
44 0.014235604956268225 0.013589185519996043 0.013840578244476959
45 0.014235604956268225 0.013589185519996043 0.013840578244476959
46 0.012812044460641402 0.014495131221329111 0.013840578244476959
47 0.014235604956268225 0.013589185519996043 0.013840578244476959
48 0.013523824708454812 0.014042158370662578 0.013840578244476959
49 0.012100264212827989 0.014948104071995646 0.013840578244476959
50 0.012100264212827989 0.014948104071995646 0.013840578244476959
51 0.012812044460641402 0.014495131221329111 0.013840578244476959
52 0.01138848396501458 0.015401076922662179 0.013840578244476959
53 0.01138848396501458 0.015401076922662179 0.013840578244476959
54 0.01067670371720117 0.015854049773328716 0.013840578244476959
55 0.01067670371720117 0.015854049773328716 0.013840578244476959
56 0.01138848396501458 0.015401076922662179 0.013840578244476959
57 0.01067670371720117 0.015854049773328716 0.013840578244476959
58 0.009964923469387757 0.01630702262399525 0.013840578244476959
59 0.01067670371720117 0.015854049773328716 0.013840578244476959
60 0.013523824708454812 0.014042158370662578 0.013840578244476959
61 0.012812044460641402 0.014495131221329111 0.013840578244476959
62 0.012812044460641402 0.014495131221329111 0.013840578244476959
63 0.01138848396501458 0.015401076922662179 0.013840578244476959
64 0.01138848396501458 0.015401076922662179 0.013840578244476959
65 0.01138848396501458 0.015401076922662179 0.013840578244476959
66 0.01138848396501458 0.015401076922662179 0.013840578244476959
67 0.012100264212827989 0.014948104071995646 0.013840578244476959
68 0.01138848396501458 0.015401076922662179 0.013840578244476959
69 0.012812044460641402 0.014495131221329111 0.013840578244476959
70 0.012100264212827989 0.014948104071995646 0.013840578244476959
71 0.01138848396501458 0.015401076922662179 0.013840578244476959
72 0.01138848396501458 0.015401076922662179 0.013840578244476959
73 0.012100264212827989 0.014948104071995646 0.013840578244476959
74 0.012100264212827989 0.014948104071995646 0.013840578244476959
75 0.012100264212827989 0.014948104071995646 0.013840578244476959
76 0.012100264212827989 0.014948104071995646 0.013840578244476959
77 0.012100264212827989 0.014948104071995646 0.013840578244476959
78 0.012100264212827989 0.014948104071995646 0.013840578244476959
79 0.012812044460641402 0.014495131221329111 0.013840578244476959
80 0.012100264212827989 0.014948104071995646 0.013840578244476959
81 0.012100264212827989 0.014948104071995646 0.013840578244476959
82 0.01138848396501458 0.015401076922662179 0.013840578244476959
83 0.012812044460641402 0.014495131221329111 0.013840578244476959
84 0.012100264212827989 0.014948104071995646 0.013840578244476959
85 0.012100264212827989 0.014948104071995646 0.013840578244476959
86 0.012100264212827989 0.014948104071995646 0.013840578244476959
87 0.012100264212827989 0.014948104071995646 0.013840578244476959
88 0.012100264212827989 0.014948104071995646 0.013840578244476959
89 0.012812044460641402 0.014495131221329111 0.013840578244476959
90 0.013523824708454812 0.014042158370662578 0.013840578244476959
91 0.013523824708454812 0.014042158370662578 0.013840578244476959
92 0.012812044460641402 0.014495131221329111 0.013840578244476959
93 0.012812044460641402 0.014495131221329111 0.013840578244476959
94 0.012812044460641402 0.014495131221329111 0.013840578244476959
95 0.012812044460641402 0.014495131221329111 0.013840578244476959
96 0.013523824708454812 0.014042158370662578 0.013840578244476959
97 0.013523824708454812 0.014042158370662578 0.013840578244476959
98 0.013523824708454812 0.014042158370662578 0.013840578244476959
99 0.012100264212827989 0.014948104071995646 0.013840578244476959
100 0.012812044460641402 0.014495131221329111 0.013840578244476959
101 0.012100264212827989 0.014948104071995646 0.013840578244476959
102 0.013523824708454812 0.014042158370662578 0.013840578244476959
103 0.013523824708454812 0.014042158370662578 0.013840578244476959
104 0.013523824708454812 0.014042158370662578 0.013840578244476959
105 0.012812044460641402 0.014495131221329111 0.013840578244476959
106 0.014235604956268225 0.013589185519996043 0.013840578244476959
107 0.012812044460641402 0.014495131221329111 0.013840578244476959
108 0.012812044460641402 0.014495131221329111 0.013840578244476959
109 0.012100264212827989 0.014948104071995646 0.013840578244476959
110 0.013523824708454812 0.014042158370662578 0.013840578244476959
111 0.013523824708454812 0.014042158370662578 0.013840578244476959
112 0.012812044460641402 0.014495131221329111 0.013840578244476959
113 0.012812044460641402 0.014495131221329111 0.013840578244476959
114 0.012812044460641402 0.014495131221329111 0.013840578244476959
115 0.012100264212827989 0.014948104071995646 0.013840578244476959
116 0.013523824708454812 0.014042158370662578 0.013840578244476959
117 0.013523824708454812 0.014042158370662578 0.013840578244476959
118 0.012812044460641402 0.014495131221329111 0.013840578244476959
119 0.012100264212827989 0.014948104071995646 0.013840578244476959
120 0.012812044460641402 0.014495131221329111 0.013840578244476959
121 0.012100264212827989 0.014948104071995646 0.013840578244476959
122 0.012100264212827989 0.014948104071995646 0.013840578244476959
123 0.012100264212827989 0.014948104071995646 0.013840578244476959
124 0.012812044460641402 0.014495131221329111 0.013840578244476959
125 0.012812044460641402 0.014495131221329111 0.013840578244476959
126 0.012812044460641402 0.014495131221329111 0.013840578244476959
127 0.01138848396501458 0.015401076922662179 0.013840578244476959
128 0.01138848396501458 0.015401076922662179 0.013840578244476959
129 0.012100264212827989 0.014948104071995646 0.013840578244476959
130 0.012100264212827989 0.014948104071995646 0.013840578244476959
131 0.013523824708454812 0.014042158370662578 0.013840578244476959
132 0.013523824708454812 0.014042158370662578 0.013840578244476959
133 0.01138848396501458 0.015401076922662179 0.013840578244476959
134 0.012812044460641402 0.014495131221329111 0.013840578244476959
135 0.01138848396501458 0.015401076922662179 0.013840578244476959
136 0.01138848396501458 0.015401076922662179 0.013840578244476959
137 0.01138848396501458 0.015401076922662179 0.013840578244476959
138 0.01067670371720117 0.015854049773328716 0.013840578244476959
139 0.01067670371720117 0.015854049773328716 0.013840578244476959
140 0.009964923469387757 0.01630702262399525 0.013840578244476959
141 0.009964923469387757 0.01630702262399525 0.013840578244476959
142 0.01067670371720117 0.015854049773328716 0.013840578244476959
143 0.009964923469387757 0.01630702262399525 0.013840578244476959
144 0.01067670371720117 0.015854049773328716 0.013840578244476959
145 0.01067670371720117 0.015854049773328716 0.013840578244476959
146 0.01067670371720117 0.015854049773328716 0.013840578244476959
147 0.01067670371720117 0.015854049773328716 0.013840578244476959
148 0.01067670371720117 0.015854049773328716 0.013840578244476959
149 0.009964923469387757 0.01630702262399525 0.013840578244476959
150 0.009964923469387757 0.01630702262399525 0.013840578244476959
151 0.01067670371720117 0.015854049773328716 0.013840578244476959
152 0.01067670371720117 0.015854049773328716 0.013840578244476959
153 0.01067670371720117 0.015854049773328716 0.013840578244476959
154 0.01138848396501458 0.015401076922662179 0.013840578244476959
155 0.01067670371720117 0.015854049773328716 0.013840578244476959
156 0.01138848396501458 0.015401076922662179 0.013840578244476959
157 0.01067670371720117 0.015854049773328716 0.013840578244476959
158 0.01138848396501458 0.015401076922662179 0.013840578244476959
159 0.01138848396501458 0.015401076922662179 0.013840578244476959
160 0.01138848396501458 0.015401076922662179 0.013840578244476959
161 0.01067670371720117 0.015854049773328716 0.013840578244476959
162 0.01067670371720117 0.015854049773328716 0.013840578244476959
163 0.01138848396501458 0.015401076922662179 0.013840578244476959
164 0.012100264212827989 0.014948104071995646 0.013840578244476959
165 0.012100264212827989 0.014948104071995646 0.013840578244476959
166 0.01138848396501458 0.015401076922662179 0.013840578244476959
167 0.012100264212827989 0.014948104071995646 0.013840578244476959
168 0.012100264212827989 0.014948104071995646 0.013840578244476959
169 0.012812044460641402 0.014495131221329111 0.013840578244476959
170 0.014235604956268225 0.013589185519996043 0.013840578244476959
171 0.012812044460641402 0.014495131221329111 0.013840578244476959
172 0.014235604956268225 0.013589185519996043 0.013840578244476959
173 0.013523824708454812 0.014042158370662578 0.013840578244476959
174 0.012812044460641402 0.014495131221329111 0.013840578244476959
175 0.012812044460641402 0.014495131221329111 0.013840578244476959
176 0.012812044460641402 0.014495131221329111 0.013840578244476959
177 0.012812044460641402 0.014495131221329111 0.013840578244476959
178 0.013523824708454812 0.014042158370662578 0.013840578244476959
179 0.012100264212827989 0.014948104071995646 0.013840578244476959
180 0.012100264212827989 0.014948104071995646 0.013840578244476959
181 0.012812044460641402 0.014495131221329111 0.013840578244476959
182 0.012100264212827989 0.014948104071995646 0.013840578244476959
183 0.01138848396501458 0.015401076922662179 0.013840578244476959
184 0.01138848396501458 0.015401076922662179 0.013840578244476959
185 0.01138848396501458 0.015401076922662179 0.013840578244476959
186 0.013523824708454812 0.014042158370662578 0.013840578244476959
187 0.012812044460641402 0.014495131221329111 0.013840578244476959
188 0.012812044460641402 0.014495131221329111 0.013840578244476959
189 0.012100264212827989 0.014948104071995646 0.013840578244476959
190 0.012100264212827989 0.014948104071995646 0.013840578244476959
191 0.012812044460641402 0.014495131221329111 0.013840578244476959
192 0.01138848396501458 0.015401076922662179 0.013840578244476959
193 0.012100264212827989 0.014948104071995646 0.013840578244476959
194 0.012100264212827989 0.014948104071995646 0.013840578244476959
195 0.01138848396501458 0.015401076922662179 0.013840578244476959
196 0.012100264212827989 0.014948104071995646 0.013840578244476959
197 0.012100264212827989 0.014948104071995646 0.013840578244476959
198 0.01138848396501458 0.015401076922662179 0.013840578244476959
199 0.01138848396501458 0.015401076922662179 0.013840578244476959
200 0.01138848396501458 0.015401076922662179 0.013840578244476959
201 0.012812044460641402 0.014495131221329111 0.013840578244476959
202 0.013523824708454812 0.014042158370662578 0.013840578244476959
203 0.013523824708454812 0.014042158370662578 0.013840578244476959
204 0.012812044460641402 0.014495131221329111 0.013840578244476959
205 0.013523824708454812 0.014042158370662578 0.013840578244476959
206 0.012812044460641402 0.014495131221329111 0.013840578244476959
207 0.012100264212827989 0.014948104071995646 0.013840578244476959
208 0.012100264212827989 0.014948104071995646 0.013840578244476959
209 0.012812044460641402 0.014495131221329111 0.013840578244476959
210 0.01138848396501458 0.015401076922662179 0.013840578244476959
211 0.012100264212827989 0.014948104071995646 0.013840578244476959
212 0.012812044460641402 0.014495131221329111 0.013840578244476959
213 0.01138848396501458 0.015401076922662179 0.013840578244476959
214 0.01067670371720117 0.015854049773328716 0.013840578244476959
215 0.009964923469387757 0.01630702262399525 0.013840578244476959
216 0.01067670371720117 0.015854049773328716 0.013840578244476959
217 0.01067670371720117 0.015854049773328716 0.013840578244476959
218 0.01138848396501458 0.015401076922662179 0.013840578244476959
219 0.012100264212827989 0.014948104071995646 0.013840578244476959
220 0.01138848396501458 0.015401076922662179 0.013840578244476959
221 0.012100264212827989 0.014948104071995646 0.013840578244476959
222 0.012100264212827989 0.014948104071995646 0.013840578244476959
223 0.012812044460641402 0.014495131221329111 0.013840578244476959
224 0.01138848396501458 0.015401076922662179 0.013840578244476959
225 0.01138848396501458 0.015401076922662179 0.013840578244476959
226 0.01138848396501458 0.015401076922662179 0.013840578244476959
227 0.01067670371720117 0.015854049773328716 0.013840578244476959
228 0.009964923469387757 0.01630702262399525 0.013840578244476959
229 0.009964923469387757 0.01630702262399525 0.013840578244476959
230 0.009964923469387757 0.01630702262399525 0.013840578244476959
231 0.01067670371720117 0.015854049773328716 0.013840578244476959
232 0.01067670371720117 0.015854049773328716 0.013840578244476959
233 0.01067670371720117 0.015854049773328716 0.013840578244476959
234 0.01067670371720117 0.015854049773328716 0.013840578244476959
235 0.009964923469387757 0.01630702262399525 0.013840578244476959
236 0.009253143221574346 0.016759995474661785 0.013840578244476959
237 0.009964923469387757 0.01630702262399525 0.013840578244476959
238 0.009253143221574346 0.016759995474661785 0.013840578244476959
239 0.009964923469387757 0.01630702262399525 0.013840578244476959
240 0.009964923469387757 0.01630702262399525 0.013840578244476959
241 0.01138848396501458 0.015401076922662179 0.013840578244476959
242 0.01067670371720117 0.015854049773328716 0.013840578244476959
243 0.01067670371720117 0.015854049773328716 0.013840578244476959
244 0.01067670371720117 0.015854049773328716 0.013840578244476959
245 0.01067670371720117 0.015854049773328716 0.013840578244476959
246 0.01067670371720117 0.015854049773328716 0.013840578244476959
247 0.01067670371720117 0.015854049773328716 0.013840578244476959
248 0.01067670371720117 0.015854049773328716 0.013840578244476959
249 0.009964923469387757 0.01630702262399525 0.013840578244476959
250 0.009964923469387757 0.01630702262399525 0.013840578244476959
251 0.01067670371720117 0.015854049773328716 0.013840578244476959
252 0.01067670371720117 0.015854049773328716 0.013840578244476959
253 0.01067670371720117 0.015854049773328716 0.013840578244476959
254 0.01067670371720117 0.015854049773328716 0.013840578244476959
255 0.01067670371720117 0.015854049773328716 0.013840578244476959
256 0.01067670371720117 0.015854049773328716 0.013840578244476959
257 0.01067670371720117 0.015854049773328716 0.013840578244476959
258 0.01067670371720117 0.015854049773328716 0.013840578244476959
259 0.01067670371720117 0.015854049773328716 0.013840578244476959
260 0.01067670371720117 0.015854049773328716 0.013840578244476959
261 0.01067670371720117 0.015854049773328716 0.013840578244476959
262 0.01067670371720117 0.015854049773328716 0.013840578244476959
263 0.01067670371720117 0.015854049773328716 0.013840578244476959
264 0.01067670371720117 0.015854049773328716 0.013840578244476959
265 0.01067670371720117 0.015854049773328716 0.013840578244476959
266 0.009964923469387757 0.01630702262399525 0.013840578244476959
267 0.009964923469387757 0.01630702262399525 0.013840578244476959
268 0.009964923469387757 0.01630702262399525 0.013840578244476959
269 0.01067670371720117 0.015854049773328716 0.013840578244476959
270 0.012100264212827989 0.014948104071995646 0.013840578244476959
271 0.009964923469387757 0.01630702262399525 0.013840578244476959
272 0.01067670371720117 0.015854049773328716 0.013840578244476959
273 0.01138848396501458 0.015401076922662179 0.013840578244476959
274 0.01138848396501458 0.015401076922662179 0.013840578244476959
275 0.01138848396501458 0.015401076922662179 0.013840578244476959
276 0.012100264212827989 0.014948104071995646 0.013840578244476959
277 0.01138848396501458 0.015401076922662179 0.013840578244476959
278 0.012100264212827989 0.014948104071995646 0.013840578244476959
279 0.01138848396501458 0.015401076922662179 0.013840578244476959
280 0.012100264212827989 0.014948104071995646 0.013840578244476959
281 0.012812044460641402 0.014495131221329111 0.013840578244476959
282 0.01138848396501458 0.015401076922662179 0.013840578244476959
283 0.01138848396501458 0.015401076922662179 0.013840578244476959
284 0.013523824708454812 0.014042158370662578 0.013840578244476959
285 0.013523824708454812 0.014042158370662578 0.013840578244476959
286 0.012100264212827989 0.014948104071995646 0.013840578244476959
287 0.012812044460641402 0.014495131221329111 0.013840578244476959
288 0.012812044460641402 0.014495131221329111 0.013840578244476959
289 0.013523824708454812 0.014042158370662578 0.013840578244476959
290 0.012100264212827989 0.014948104071995646 0.013840578244476959
291 0.012812044460641402 0.014495131221329111 0.013840578244476959
292 0.012812044460641402 0.014495131221329111 0.013840578244476959
293 0.014235604956268225 0.013589185519996043 0.013840578244476959
294 0.012812044460641402 0.014495131221329111 0.013840578244476959
295 0.013523824708454812 0.014042158370662578 0.013840578244476959
296 0.012812044460641402 0.014495131221329111 0.013840578244476959
297 0.012812044460641402 0.014495131221329111 0.013840578244476959
298 0.012812044460641402 0.014495131221329111 0.013840578244476959
299 0.012812044460641402 0.014495131221329111 0.013840578244476959
300 0.012100264212827989 0.014948104071995646 0.013840578244476959
301 0.012812044460641402 0.014495131221329111 0.013840578244476959
302 0.012812044460641402 0.014495131221329111 0.013840578244476959
303 0.012100264212827989 0.014948104071995646 0.013840578244476959
304 0.012100264212827989 0.014948104071995646 0.013840578244476959
305 0.012100264212827989 0.014948104071995646 0.013840578244476959
306 0.01138848396501458 0.015401076922662179 0.013840578244476959
307 0.01138848396501458 0.015401076922662179 0.013840578244476959
308 0.01138848396501458 0.015401076922662179 0.013840578244476959
309 0.01138848396501458 0.015401076922662179 0.013840578244476959
310 0.01138848396501458 0.015401076922662179 0.013840578244476959
311 0.01138848396501458 0.015401076922662179 0.013840578244476959
312 0.01138848396501458 0.015401076922662179 0.013840578244476959
313 0.01138848396501458 0.015401076922662179 0.013840578244476959
314 0.012100264212827989 0.014948104071995646 0.013840578244476959
315 0.012100264212827989 0.014948104071995646 0.013840578244476959
316 0.013523824708454812 0.014042158370662578 0.013840578244476959
317 0.012100264212827989 0.014948104071995646 0.013840578244476959
318 0.01138848396501458 0.015401076922662179 0.013840578244476959
319 0.01138848396501458 0.015401076922662179 0.013840578244476959
320 0.01067670371720117 0.015854049773328716 0.013840578244476959
321 0.012100264212827989 0.014948104071995646 0.013840578244476959
322 0.012100264212827989 0.014948104071995646 0.013840578244476959
323 0.01138848396501458 0.015401076922662179 0.013840578244476959
324 0.01138848396501458 0.015401076922662179 0.013840578244476959
325 0.01067670371720117 0.015854049773328716 0.013840578244476959
326 0.01138848396501458 0.015401076922662179 0.013840578244476959
327 0.012100264212827989 0.014948104071995646 0.013840578244476959
328 0.012100264212827989 0.014948104071995646 0.013840578244476959
329 0.01138848396501458 0.015401076922662179 0.013840578244476959
330 0.012100264212827989 0.014948104071995646 0.013840578244476959
331 0.012100264212827989 0.014948104071995646 0.013840578244476959
332 0.012100264212827989 0.014948104071995646 0.013840578244476959
333 0.012812044460641402 0.014495131221329111 0.013840578244476959
334 0.012812044460641402 0.014495131221329111 0.013840578244476959
335 0.012812044460641402 0.014495131221329111 0.013840578244476959
336 0.012100264212827989 0.014948104071995646 0.013840578244476959
337 0.012100264212827989 0.014948104071995646 0.013840578244476959
338 0.012100264212827989 0.014948104071995646 0.013840578244476959
339 0.012100264212827989 0.014948104071995646 0.013840578244476959
340 0.01138848396501458 0.015401076922662179 0.013840578244476959
341 0.01138848396501458 0.015401076922662179 0.013840578244476959
342 0.013523824708454812 0.014042158370662578 0.013840578244476959
343 0.012100264212827989 0.014948104071995646 0.013840578244476959
344 0.012812044460641402 0.014495131221329111 0.013840578244476959
345 0.012100264212827989 0.014948104071995646 0.013840578244476959
346 0.012100264212827989 0.014948104071995646 0.013840578244476959
347 0.01067670371720117 0.015854049773328716 0.013840578244476959
348 0.009964923469387757 0.01630702262399525 0.013840578244476959
349 0.012100264212827989 0.014948104071995646 0.013840578244476959
350 0.01067670371720117 0.015854049773328716 0.013840578244476959
351 0.01067670371720117 0.015854049773328716 0.013840578244476959
352 0.01138848396501458 0.015401076922662179 0.013840578244476959
353 0.01067670371720117 0.015854049773328716 0.013840578244476959
354 0.01138848396501458 0.015401076922662179 0.013840578244476959
355 0.01067670371720117 0.015854049773328716 0.013840578244476959
356 0.01067670371720117 0.015854049773328716 0.013840578244476959
357 0.01067670371720117 0.015854049773328716 0.013840578244476959
358 0.012100264212827989 0.014948104071995646 0.013840578244476959
359 0.01138848396501458 0.015401076922662179 0.013840578244476959
360 0.012100264212827989 0.014948104071995646 0.013840578244476959
361 0.01067670371720117 0.015854049773328716 0.013840578244476959
362 0.012100264212827989 0.014948104071995646 0.013840578244476959
363 0.01138848396501458 0.015401076922662179 0.013840578244476959
364 0.012100264212827989 0.014948104071995646 0.013840578244476959
365 0.012100264212827989 0.014948104071995646 0.013840578244476959
366 0.012100264212827989 0.014948104071995646 0.013840578244476959
367 0.012100264212827989 0.014948104071995646 0.013840578244476959
368 0.012812044460641402 0.014495131221329111 0.013840578244476959
369 0.012812044460641402 0.014495131221329111 0.013840578244476959
370 0.013523824708454812 0.014042158370662578 0.013840578244476959
371 0.012100264212827989 0.014948104071995646 0.013840578244476959
372 0.012100264212827989 0.014948104071995646 0.013840578244476959
373 0.012100264212827989 0.014948104071995646 0.013840578244476959
374 0.01138848396501458 0.015401076922662179 0.013840578244476959
375 0.01138848396501458 0.015401076922662179 0.013840578244476959
376 0.012100264212827989 0.014948104071995646 0.013840578244476959
377 0.01067670371720117 0.015854049773328716 0.013840578244476959
378 0.01138848396501458 0.015401076922662179 0.013840578244476959
379 0.01138848396501458 0.015401076922662179 0.013840578244476959
380 0.01138848396501458 0.015401076922662179 0.013840578244476959
381 0.01138848396501458 0.015401076922662179 0.013840578244476959
382 0.01138848396501458 0.015401076922662179 0.013840578244476959
383 0.012100264212827989 0.014948104071995646 0.013840578244476959
384 0.01138848396501458 0.015401076922662179 0.013840578244476959
385 0.01067670371720117 0.015854049773328716 0.013840578244476959
386 0.01067670371720117 0.015854049773328716 0.013840578244476959
387 0.01138848396501458 0.015401076922662179 0.013840578244476959
388 0.01067670371720117 0.015854049773328716 0.013840578244476959
389 0.01067670371720117 0.015854049773328716 0.013840578244476959
390 0.01067670371720117 0.015854049773328716 0.013840578244476959
391 0.01067670371720117 0.015854049773328716 0.013840578244476959
392 0.01067670371720117 0.015854049773328716 0.013840578244476959
393 0.01067670371720117 0.015854049773328716 0.013840578244476959
394 0.01067670371720117 0.015854049773328716 0.013840578244476959
395 0.01067670371720117 0.015854049773328716 0.013840578244476959
396 0.01067670371720117 0.015854049773328716 0.013840578244476959
397 0.01067670371720117 0.015854049773328716 0.013840578244476959
398 0.01138848396501458 0.015401076922662179 0.013840578244476959
399 0.01138848396501458 0.015401076922662179 0.013840578244476959
400 0.01067670371720117 0.015854049773328716 0.013840578244476959
401 0.01138848396501458 0.015401076922662179 0.013840578244476959
402 0.01067670371720117 0.015854049773328716 0.013840578244476959
403 0.01067670371720117 0.015854049773328716 0.013840578244476959
404 0.009964923469387757 0.01630702262399525 0.013840578244476959
405 0.009964923469387757 0.01630702262399525 0.013840578244476959
406 0.01067670371720117 0.015854049773328716 0.013840578244476959
407 0.01067670371720117 0.015854049773328716 0.013840578244476959
408 0.009964923469387757 0.01630702262399525 0.013840578244476959
409 0.009964923469387757 0.01630702262399525 0.013840578244476959
410 0.009964923469387757 0.01630702262399525 0.013840578244476959
411 0.009253143221574346 0.016759995474661785 0.013840578244476959
412 0.01067670371720117 0.015854049773328716 0.013840578244476959
413 0.009964923469387757 0.01630702262399525 0.013840578244476959
414 0.009964923469387757 0.01630702262399525 0.013840578244476959
415 0.009964923469387757 0.01630702262399525 0.013840578244476959
416 0.01067670371720117 0.015854049773328716 0.013840578244476959
417 0.01067670371720117 0.015854049773328716 0.013840578244476959
418 0.01067670371720117 0.015854049773328716 0.013840578244476959
419 0.009964923469387757 0.01630702262399525 0.013840578244476959
420 0.01067670371720117 0.015854049773328716 0.013840578244476959
421 0.012100264212827989 0.014948104071995646 0.013840578244476959
422 0.01138848396501458 0.015401076922662179 0.013840578244476959
423 0.009964923469387757 0.01630702262399525 0.013840578244476959
424 0.009964923469387757 0.01630702262399525 0.013840578244476959
425 0.01067670371720117 0.015854049773328716 0.013840578244476959
426 0.01067670371720117 0.015854049773328716 0.013840578244476959
427 0.01138848396501458 0.015401076922662179 0.013840578244476959
428 0.01138848396501458 0.015401076922662179 0.013840578244476959
429 0.01067670371720117 0.015854049773328716 0.013840578244476959
430 0.01138848396501458 0.015401076922662179 0.013840578244476959
431 0.012100264212827989 0.014948104071995646 0.013840578244476959
432 0.012100264212827989 0.014948104071995646 0.013840578244476959
433 0.012812044460641402 0.014495131221329111 0.013840578244476959
434 0.012812044460641402 0.014495131221329111 0.013840578244476959
435 0.013523824708454812 0.014042158370662578 0.013840578244476959
436 0.012812044460641402 0.014495131221329111 0.013840578244476959
437 0.012812044460641402 0.014495131221329111 0.013840578244476959
438 0.013523824708454812 0.014042158370662578 0.013840578244476959
439 0.012812044460641402 0.014495131221329111 0.013840578244476959
440 0.012812044460641402 0.014495131221329111 0.013840578244476959
441 0.012812044460641402 0.014495131221329111 0.013840578244476959
442 0.01138848396501458 0.015401076922662179 0.013840578244476959
443 0.01138848396501458 0.015401076922662179 0.013840578244476959
444 0.012100264212827989 0.014948104071995646 0.013840578244476959
445 0.01138848396501458 0.015401076922662179 0.013840578244476959
446 0.01138848396501458 0.015401076922662179 0.013840578244476959
447 0.01067670371720117 0.015854049773328716 0.013840578244476959
448 0.01138848396501458 0.015401076922662179 0.013840578244476959
449 0.01138848396501458 0.015401076922662179 0.013840578244476959
450 0.01138848396501458 0.015401076922662179 0.013840578244476959
451 0.01067670371720117 0.015854049773328716 0.013840578244476959
452 0.01067670371720117 0.015854049773328716 0.013840578244476959
453 0.01067670371720117 0.015854049773328716 0.013840578244476959
454 0.01067670371720117 0.015854049773328716 0.013840578244476959
455 0.01067670371720117 0.015854049773328716 0.013840578244476959
456 0.01067670371720117 0.015854049773328716 0.013840578244476959
457 0.01067670371720117 0.015854049773328716 0.013840578244476959
458 0.01138848396501458 0.015401076922662179 0.013840578244476959
459 0.01138848396501458 0.015401076922662179 0.013840578244476959
460 0.01067670371720117 0.015854049773328716 0.013840578244476959
461 0.01067670371720117 0.015854049773328716 0.013840578244476959
462 0.012100264212827989 0.014948104071995646 0.013840578244476959
463 0.012100264212827989 0.014948104071995646 0.013840578244476959
464 0.01138848396501458 0.015401076922662179 0.013840578244476959
465 0.01138848396501458 0.015401076922662179 0.013840578244476959
466 0.01138848396501458 0.015401076922662179 0.013840578244476959
467 0.012100264212827989 0.014948104071995646 0.013840578244476959
468 0.012812044460641402 0.014495131221329111 0.013840578244476959
469 0.012100264212827989 0.014948104071995646 0.013840578244476959
470 0.012100264212827989 0.014948104071995646 0.013840578244476959
471 0.012812044460641402 0.014495131221329111 0.013840578244476959
472 0.012812044460641402 0.014495131221329111 0.013840578244476959
473 0.012812044460641402 0.014495131221329111 0.013840578244476959
474 0.012812044460641402 0.014495131221329111 0.013840578244476959
475 0.012812044460641402 0.014495131221329111 0.013840578244476959
476 0.012812044460641402 0.014495131221329111 0.013840578244476959
477 0.012812044460641402 0.014495131221329111 0.013840578244476959
478 0.012812044460641402 0.014495131221329111 0.013840578244476959
479 0.013523824708454812 0.014042158370662578 0.013840578244476959
480 0.013523824708454812 0.014042158370662578 0.013840578244476959
481 0.014235604956268225 0.013589185519996043 0.013840578244476959
482 0.014235604956268225 0.013589185519996043 0.013840578244476959
483 0.013523824708454812 0.014042158370662578 0.013840578244476959
484 0.014235604956268225 0.013589185519996043 0.013840578244476959
485 0.012812044460641402 0.014495131221329111 0.013840578244476959
486 0.014947385204081636 0.013136212669329506 0.013840578244476959
487 0.014235604956268225 0.013589185519996043 0.013840578244476959
488 0.013523824708454812 0.014042158370662578 0.013840578244476959
489 0.014235604956268225 0.013589185519996043 0.013840578244476959
490 0.014235604956268225 0.013589185519996043 0.013840578244476959
491 0.012812044460641402 0.014495131221329111 0.013840578244476959
492 0.012812044460641402 0.014495131221329111 0.013840578244476959
493 0.012100264212827989 0.014948104071995646 0.013840578244476959
494 0.012812044460641402 0.014495131221329111 0.013840578244476959
495 0.012100264212827989 0.014948104071995646 0.013840578244476959
496 0.012100264212827989 0.014948104071995646 0.013840578244476959
497 0.012100264212827989 0.014948104071995646 0.013840578244476959
498 0.012100264212827989 0.014948104071995646 0.013840578244476959
499 0.012100264212827989 0.014948104071995646 0.013840578244476959
500 0.013523824708454812 0.014042158370662578 0.013840578244476959
