1 0.0017766034985422744 0.00031889288686924046 0.0008857970076465255
2 0.001731049562682216 0.0003478831493118986 0.0008857970076465255
3 0.0016854956268221577 0.0003768734117545569 0.0008857970076465255
4 0.0015488338192419827 0.0004638441990825316 0.0008857970076465255
5 0.0015488338192419827 0.0004638441990825316 0.0008857970076465255
6 0.0015488338192419827 0.0004638441990825316 0.0008857970076465255
7 0.0015943877551020413 0.0004348539366398734 0.0008857970076465255
8 0.0016854956268221577 0.0003768734117545569 0.0008857970076465255
9 0.0015032798833819244 0.0004928344615251897 0.0008857970076465255
10 0.0014577259475218663 0.0005218247239678481 0.0008857970076465255
11 0.0015032798833819244 0.0004928344615251897 0.0008857970076465255
12 0.0015943877551020413 0.0004348539366398734 0.0008857970076465255
13 0.0015488338192419827 0.0004638441990825316 0.0008857970076465255
14 0.0014577259475218663 0.0005218247239678481 0.0008857970076465255
15 0.0015032798833819244 0.0004928344615251897 0.0008857970076465255
16 0.001412172011661808 0.0005508149864105062 0.0008857970076465255
17 0.001321064139941691 0.0006087955112958227 0.0008857970076465255
18 0.001321064139941691 0.0006087955112958227 0.0008857970076465255
19 0.001412172011661808 0.0005508149864105062 0.0008857970076465255
20 0.0015032798833819244 0.0004928344615251897 0.0008857970076465255
21 0.0014577259475218663 0.0005218247239678481 0.0008857970076465255
22 0.001412172011661808 0.0005508149864105062 0.0008857970076465255
23 0.001412172011661808 0.0005508149864105062 0.0008857970076465255
24 0.0014577259475218663 0.0005218247239678481 0.0008857970076465255
25 0.001412172011661808 0.0005508149864105062 0.0008857970076465255
26 0.001412172011661808 0.0005508149864105062 0.0008857970076465255
27 0.001412172011661808 0.0005508149864105062 0.0008857970076465255
28 0.001412172011661808 0.0005508149864105062 0.0008857970076465255
29 0.001412172011661808 0.0005508149864105062 0.0008857970076465255
30 0.001321064139941691 0.0006087955112958227 0.0008857970076465255
31 0.0013666180758017496 0.0005798052488531645 0.0008857970076465255
32 0.0014577259475218663 0.0005218247239678481 0.0008857970076465255
33 0.0014577259475218663 0.0005218247239678481 0.0008857970076465255
34 0.0013666180758017496 0.0005798052488531645 0.0008857970076465255
35 0.001412172011661808 0.0005508149864105062 0.0008857970076465255
36 0.001412172011661808 0.0005508149864105062 0.0008857970076465255
37 0.001412172011661808 0.0005508149864105062 0.0008857970076465255
38 0.0013666180758017496 0.0005798052488531645 0.0008857970076465255
39 0.001321064139941691 0.0006087955112958227 0.0008857970076465255
40 0.0013666180758017496 0.0005798052488531645 0.0008857970076465255
41 0.001412172011661808 0.0005508149864105062 0.0008857970076465255
42 0.0013666180758017496 0.0005798052488531645 0.0008857970076465255
43 0.001412172011661808 0.0005508149864105062 0.0008857970076465255
44 0.001412172011661808 0.0005508149864105062 0.0008857970076465255
45 0.001321064139941691 0.0006087955112958227 0.0008857970076465255
46 0.0014577259475218663 0.0005218247239678481 0.0008857970076465255
47 0.0013666180758017496 0.0005798052488531645 0.0008857970076465255
48 0.0011844023323615163 0.0006957662986237972 0.0008857970076465255
49 0.001321064139941691 0.0006087955112958227 0.0008857970076465255
50 0.0011844023323615163 0.0006957662986237972 0.0008857970076465255
51 0.001412172011661808 0.0005508149864105062 0.0008857970076465255
52 0.0013666180758017496 0.0005798052488531645 0.0008857970076465255
53 0.001138848396501458 0.0007247565610664556 0.0008857970076465255
54 0.001138848396501458 0.0007247565610664556 0.0008857970076465255
55 0.0011844023323615163 0.0006957662986237972 0.0008857970076465255
56 0.0012299562682215747 0.000666776036181139 0.0008857970076465255
57 0.0011844023323615163 0.0006957662986237972 0.0008857970076465255
58 0.0012299562682215747 0.000666776036181139 0.0008857970076465255
59 0.0012299562682215747 0.000666776036181139 0.0008857970076465255
60 0.001138848396501458 0.0007247565610664556 0.0008857970076465255
61 0.0011844023323615163 0.0006957662986237972 0.0008857970076465255
62 0.0011844023323615163 0.0006957662986237972 0.0008857970076465255
63 0.001138848396501458 0.0007247565610664556 0.0008857970076465255
64 0.001138848396501458 0.0007247565610664556 0.0008857970076465255
65 0.0012299562682215747 0.000666776036181139 0.0008857970076465255
66 0.0012755102040816328 0.0006377857737384809 0.0008857970076465255
67 0.0012755102040816328 0.0006377857737384809 0.0008857970076465255
68 0.0012299562682215747 0.000666776036181139 0.0008857970076465255
69 0.0012299562682215747 0.000666776036181139 0.0008857970076465255
70 0.0012755102040816328 0.0006377857737384809 0.0008857970076465255
71 0.001138848396501458 0.0007247565610664556 0.0008857970076465255
72 0.0010932944606413995 0.0007537468235091138 0.0008857970076465255
73 0.001138848396501458 0.0007247565610664556 0.0008857970076465255
74 0.0010477405247813413 0.000782737085951772 0.0008857970076465255
75 0.0012299562682215747 0.000666776036181139 0.0008857970076465255
76 0.0010477405247813413 0.000782737085951772 0.0008857970076465255
77 0.001138848396501458 0.0007247565610664556 0.0008857970076465255
78 0.0011844023323615163 0.0006957662986237972 0.0008857970076465255
79 0.001138848396501458 0.0007247565610664556 0.0008857970076465255
80 0.0012299562682215747 0.000666776036181139 0.0008857970076465255
81 0.0011844023323615163 0.0006957662986237972 0.0008857970076465255
82 0.0012299562682215747 0.000666776036181139 0.0008857970076465255
83 0.0012299562682215747 0.000666776036181139 0.0008857970076465255
84 0.0012299562682215747 0.000666776036181139 0.0008857970076465255
85 0.0010932944606413995 0.0007537468235091138 0.0008857970076465255
86 0.0010932944606413995 0.0007537468235091138 0.0008857970076465255
87 0.0010932944606413995 0.0007537468235091138 0.0008857970076465255
88 0.001138848396501458 0.0007247565610664556 0.0008857970076465255
89 0.0012299562682215747 0.000666776036181139 0.0008857970076465255
90 0.0010932944606413995 0.0007537468235091138 0.0008857970076465255
91 0.001138848396501458 0.0007247565610664556 0.0008857970076465255
92 0.001138848396501458 0.0007247565610664556 0.0008857970076465255
93 0.001002186588921283 0.0008117273483944302 0.0008857970076465255
94 0.0010477405247813413 0.000782737085951772 0.0008857970076465255
95 0.001002186588921283 0.0008117273483944302 0.0008857970076465255
96 0.0010477405247813413 0.000782737085951772 0.0008857970076465255
97 0.0010932944606413995 0.0007537468235091138 0.0008857970076465255
98 0.0010477405247813413 0.000782737085951772 0.0008857970076465255
99 0.0009566326530612247 0.0008407176108370884 0.0008857970076465255
100 0.0009110787172011665 0.0008697078732797467 0.0008857970076465255
101 0.0009566326530612247 0.0008407176108370884 0.0008857970076465255
102 0.000865524781341108 0.000898698135722405 0.0008857970076465255
103 0.0009110787172011665 0.0008697078732797467 0.0008857970076465255
104 0.0009566326530612247 0.0008407176108370884 0.0008857970076465255
105 0.0009110787172011665 0.0008697078732797467 0.0008857970076465255
106 0.0009110787172011665 0.0008697078732797467 0.0008857970076465255
107 0.0009566326530612247 0.0008407176108370884 0.0008857970076465255
108 0.0009110787172011665 0.0008697078732797467 0.0008857970076465255
109 0.000865524781341108 0.000898698135722405 0.0008857970076465255
110 0.0008199708454810498 0.0009276883981650632 0.0008857970076465255
111 0.0007744169096209914 0.0009566786606077213 0.0008857970076465255
112 0.000865524781341108 0.000898698135722405 0.0008857970076465255
113 0.0008199708454810498 0.0009276883981650632 0.0008857970076465255
114 0.000865524781341108 0.000898698135722405 0.0008857970076465255
115 0.0008199708454810498 0.0009276883981650632 0.0008857970076465255
116 0.0007744169096209914 0.0009566786606077213 0.0008857970076465255
117 0.000865524781341108 0.000898698135722405 0.0008857970076465255
118 0.0007744169096209914 0.0009566786606077213 0.0008857970076465255
119 0.0008199708454810498 0.0009276883981650632 0.0008857970076465255
120 0.0007744169096209914 0.0009566786606077213 0.0008857970076465255
121 0.0008199708454810498 0.0009276883981650632 0.0008857970076465255
122 0.0007744169096209914 0.0009566786606077213 0.0008857970076465255
123 0.0007288629737609331 0.0009856689230503795 0.0008857970076465255
124 0.0006833090379008748 0.0010146591854930378 0.0008857970076465255
125 0.0007288629737609331 0.0009856689230503795 0.0008857970076465255
126 0.0007288629737609331 0.0009856689230503795 0.0008857970076465255
127 0.0007744169096209914 0.0009566786606077213 0.0008857970076465255
128 0.0007744169096209914 0.0009566786606077213 0.0008857970076465255
129 0.0007288629737609331 0.0009856689230503795 0.0008857970076465255
130 0.0006833090379008748 0.0010146591854930378 0.0008857970076465255
131 0.0007288629737609331 0.0009856689230503795 0.0008857970076465255
132 0.0007288629737609331 0.0009856689230503795 0.0008857970076465255
133 0.0006833090379008748 0.0010146591854930378 0.0008857970076465255
134 0.0006833090379008748 0.0010146591854930378 0.0008857970076465255
135 0.0006377551020408164 0.0010436494479356961 0.0008857970076465255
136 0.0006377551020408164 0.0010436494479356961 0.0008857970076465255
137 0.0005922011661807582 0.0010726397103783542 0.0008857970076465255
138 0.0005922011661807582 0.0010726397103783542 0.0008857970076465255
139 0.0005922011661807582 0.0010726397103783542 0.0008857970076465255
140 0.0005922011661807582 0.0010726397103783542 0.0008857970076465255
141 0.0005922011661807582 0.0010726397103783542 0.0008857970076465255
142 0.0006377551020408164 0.0010436494479356961 0.0008857970076465255
143 0.0006377551020408164 0.0010436494479356961 0.0008857970076465255
144 0.0006377551020408164 0.0010436494479356961 0.0008857970076465255
145 0.0006833090379008748 0.0010146591854930378 0.0008857970076465255
146 0.0006377551020408164 0.0010436494479356961 0.0008857970076465255
147 0.0005922011661807582 0.0010726397103783542 0.0008857970076465255
148 0.0006377551020408164 0.0010436494479356961 0.0008857970076465255
149 0.0006377551020408164 0.0010436494479356961 0.0008857970076465255
150 0.0006833090379008748 0.0010146591854930378 0.0008857970076465255
151 0.0006377551020408164 0.0010436494479356961 0.0008857970076465255
152 0.0006377551020408164 0.0010436494479356961 0.0008857970076465255
153 0.0007288629737609331 0.0009856689230503795 0.0008857970076465255
154 0.0006833090379008748 0.0010146591854930378 0.0008857970076465255
155 0.0006833090379008748 0.0010146591854930378 0.0008857970076465255
156 0.0007288629737609331 0.0009856689230503795 0.0008857970076465255
157 0.0006833090379008748 0.0010146591854930378 0.0008857970076465255
158 0.0007288629737609331 0.0009856689230503795 0.0008857970076465255
159 0.0006833090379008748 0.0010146591854930378 0.0008857970076465255
160 0.0006833090379008748 0.0010146591854930378 0.0008857970076465255
161 0.0007288629737609331 0.0009856689230503795 0.0008857970076465255
162 0.0007744169096209914 0.0009566786606077213 0.0008857970076465255
163 0.000865524781341108 0.000898698135722405 0.0008857970076465255
164 0.0008199708454810498 0.0009276883981650632 0.0008857970076465255
165 0.0007744169096209914 0.0009566786606077213 0.0008857970076465255
166 0.0008199708454810498 0.0009276883981650632 0.0008857970076465255
167 0.000865524781341108 0.000898698135722405 0.0008857970076465255
168 0.0009110787172011665 0.0008697078732797467 0.0008857970076465255
169 0.0008199708454810498 0.0009276883981650632 0.0008857970076465255
170 0.0008199708454810498 0.0009276883981650632 0.0008857970076465255
171 0.000865524781341108 0.000898698135722405 0.0008857970076465255
172 0.0008199708454810498 0.0009276883981650632 0.0008857970076465255
173 0.0008199708454810498 0.0009276883981650632 0.0008857970076465255
174 0.0007288629737609331 0.0009856689230503795 0.0008857970076465255
175 0.0007288629737609331 0.0009856689230503795 0.0008857970076465255
176 0.0007288629737609331 0.0009856689230503795 0.0008857970076465255
177 0.0006833090379008748 0.0010146591854930378 0.0008857970076465255
178 0.0007288629737609331 0.0009856689230503795 0.0008857970076465255
179 0.0007744169096209914 0.0009566786606077213 0.0008857970076465255
180 0.0008199708454810498 0.0009276883981650632 0.0008857970076465255
181 0.0008199708454810498 0.0009276883981650632 0.0008857970076465255
182 0.000865524781341108 0.000898698135722405 0.0008857970076465255
183 0.000865524781341108 0.000898698135722405 0.0008857970076465255
184 0.000865524781341108 0.000898698135722405 0.0008857970076465255
185 0.000865524781341108 0.000898698135722405 0.0008857970076465255
186 0.0009566326530612247 0.0008407176108370884 0.0008857970076465255
187 0.0009566326530612247 0.0008407176108370884 0.0008857970076465255
188 0.0010477405247813413 0.000782737085951772 0.0008857970076465255
189 0.0010477405247813413 0.000782737085951772 0.0008857970076465255
190 0.001138848396501458 0.0007247565610664556 0.0008857970076465255
191 0.001138848396501458 0.0007247565610664556 0.0008857970076465255
192 0.0010932944606413995 0.0007537468235091138 0.0008857970076465255
193 0.001138848396501458 0.0007247565610664556 0.0008857970076465255
194 0.0010477405247813413 0.000782737085951772 0.0008857970076465255
195 0.001002186588921283 0.0008117273483944302 0.0008857970076465255
196 0.001002186588921283 0.0008117273483944302 0.0008857970076465255
197 0.0010477405247813413 0.000782737085951772 0.0008857970076465255
198 0.001002186588921283 0.0008117273483944302 0.0008857970076465255
199 0.0009110787172011665 0.0008697078732797467 0.0008857970076465255
200 0.0009110787172011665 0.0008697078732797467 0.0008857970076465255
