1 0.006924198250728864 0.00718958508577924 0.007086376061172204
2 0.0076530612244897975 0.006725740886696707 0.007086376061172204
3 0.00838192419825073 0.006261896687614176 0.007086376061172204
4 0.008017492711370264 0.006493818787155442 0.007086376061172204
5 0.008017492711370264 0.006493818787155442 0.007086376061172204
6 0.008017492711370264 0.006493818787155442 0.007086376061172204
7 0.008017492711370264 0.006493818787155442 0.007086376061172204
8 0.008017492711370264 0.006493818787155442 0.007086376061172204
9 0.008017492711370264 0.006493818787155442 0.007086376061172204
10 0.006924198250728864 0.00718958508577924 0.007086376061172204
11 0.0076530612244897975 0.006725740886696707 0.007086376061172204
12 0.007288629737609332 0.006957662986237974 0.007086376061172204
13 0.00838192419825073 0.006261896687614176 0.007086376061172204
14 0.0065597667638483985 0.007421507185320505 0.007086376061172204
15 0.006924198250728864 0.00718958508577924 0.007086376061172204
16 0.005830903790087465 0.007885351384403036 0.007086376061172204
17 0.006195335276967931 0.00765342928486177 0.007086376061172204
18 0.005830903790087465 0.007885351384403036 0.007086376061172204
19 0.006195335276967931 0.00765342928486177 0.007086376061172204
20 0.0065597667638483985 0.007421507185320505 0.007086376061172204
21 0.005466472303206999 0.008117273483944303 0.007086376061172204
22 0.0065597667638483985 0.007421507185320505 0.007086376061172204
23 0.006195335276967931 0.00765342928486177 0.007086376061172204
24 0.0065597667638483985 0.007421507185320505 0.007086376061172204
25 0.006924198250728864 0.00718958508577924 0.007086376061172204
26 0.006195335276967931 0.00765342928486177 0.007086376061172204
27 0.006195335276967931 0.00765342928486177 0.007086376061172204
28 0.0065597667638483985 0.007421507185320505 0.007086376061172204
29 0.006195335276967931 0.00765342928486177 0.007086376061172204
30 0.006195335276967931 0.00765342928486177 0.007086376061172204
31 0.006195335276967931 0.00765342928486177 0.007086376061172204
32 0.006924198250728864 0.00718958508577924 0.007086376061172204
33 0.006924198250728864 0.00718958508577924 0.007086376061172204
34 0.006195335276967931 0.00765342928486177 0.007086376061172204
35 0.0065597667638483985 0.007421507185320505 0.007086376061172204
36 0.006924198250728864 0.00718958508577924 0.007086376061172204
37 0.006195335276967931 0.00765342928486177 0.007086376061172204
38 0.0065597667638483985 0.007421507185320505 0.007086376061172204
39 0.0065597667638483985 0.007421507185320505 0.007086376061172204
40 0.0065597667638483985 0.007421507185320505 0.007086376061172204
41 0.0065597667638483985 0.007421507185320505 0.007086376061172204
42 0.0065597667638483985 0.007421507185320505 0.007086376061172204
43 0.0065597667638483985 0.007421507185320505 0.007086376061172204
44 0.0065597667638483985 0.007421507185320505 0.007086376061172204
45 0.0065597667638483985 0.007421507185320505 0.007086376061172204
46 0.0065597667638483985 0.007421507185320505 0.007086376061172204
47 0.006924198250728864 0.00718958508577924 0.007086376061172204
48 0.0065597667638483985 0.007421507185320505 0.007086376061172204
49 0.0065597667638483985 0.007421507185320505 0.007086376061172204
50 0.0065597667638483985 0.007421507185320505 0.007086376061172204
51 0.0065597667638483985 0.007421507185320505 0.007086376061172204
52 0.006195335276967931 0.00765342928486177 0.007086376061172204
53 0.006195335276967931 0.00765342928486177 0.007086376061172204
54 0.005830903790087465 0.007885351384403036 0.007086376061172204
55 0.006195335276967931 0.00765342928486177 0.007086376061172204
56 0.006195335276967931 0.00765342928486177 0.007086376061172204
57 0.006195335276967931 0.00765342928486177 0.007086376061172204
58 0.005830903790087465 0.007885351384403036 0.007086376061172204
59 0.005830903790087465 0.007885351384403036 0.007086376061172204
60 0.005830903790087465 0.007885351384403036 0.007086376061172204
61 0.005830903790087465 0.007885351384403036 0.007086376061172204
62 0.005830903790087465 0.007885351384403036 0.007086376061172204
63 0.006195335276967931 0.00765342928486177 0.007086376061172204
64 0.005830903790087465 0.007885351384403036 0.007086376061172204
65 0.005466472303206999 0.008117273483944303 0.007086376061172204
66 0.006195335276967931 0.00765342928486177 0.007086376061172204
67 0.006195335276967931 0.00765342928486177 0.007086376061172204
68 0.006924198250728864 0.00718958508577924 0.007086376061172204
69 0.005830903790087465 0.007885351384403036 0.007086376061172204
70 0.005830903790087465 0.007885351384403036 0.007086376061172204
71 0.005466472303206999 0.008117273483944303 0.007086376061172204
72 0.005830903790087465 0.007885351384403036 0.007086376061172204
73 0.005830903790087465 0.007885351384403036 0.007086376061172204
74 0.0065597667638483985 0.007421507185320505 0.007086376061172204
75 0.006195335276967931 0.00765342928486177 0.007086376061172204
76 0.006195335276967931 0.00765342928486177 0.007086376061172204
77 0.007288629737609332 0.006957662986237974 0.007086376061172204
78 0.006924198250728864 0.00718958508577924 0.007086376061172204
79 0.0065597667638483985 0.007421507185320505 0.007086376061172204
80 0.0076530612244897975 0.006725740886696707 0.007086376061172204
81 0.006924198250728864 0.00718958508577924 0.007086376061172204
82 0.0065597667638483985 0.007421507185320505 0.007086376061172204
83 0.008017492711370264 0.006493818787155442 0.007086376061172204
84 0.007288629737609332 0.006957662986237974 0.007086376061172204
85 0.007288629737609332 0.006957662986237974 0.007086376061172204
86 0.006924198250728864 0.00718958508577924 0.007086376061172204
87 0.006924198250728864 0.00718958508577924 0.007086376061172204
88 0.0065597667638483985 0.007421507185320505 0.007086376061172204
89 0.006924198250728864 0.00718958508577924 0.007086376061172204
90 0.006195335276967931 0.00765342928486177 0.007086376061172204
91 0.006195335276967931 0.00765342928486177 0.007086376061172204
92 0.006195335276967931 0.00765342928486177 0.007086376061172204
93 0.0065597667638483985 0.007421507185320505 0.007086376061172204
94 0.007288629737609332 0.006957662986237974 0.007086376061172204
95 0.007288629737609332 0.006957662986237974 0.007086376061172204
96 0.007288629737609332 0.006957662986237974 0.007086376061172204
97 0.007288629737609332 0.006957662986237974 0.007086376061172204
98 0.006924198250728864 0.00718958508577924 0.007086376061172204
99 0.006924198250728864 0.00718958508577924 0.007086376061172204
100 0.007288629737609332 0.006957662986237974 0.007086376061172204
101 0.006924198250728864 0.00718958508577924 0.007086376061172204
102 0.007288629737609332 0.006957662986237974 0.007086376061172204
103 0.0076530612244897975 0.006725740886696707 0.007086376061172204
104 0.007288629737609332 0.006957662986237974 0.007086376061172204
105 0.0076530612244897975 0.006725740886696707 0.007086376061172204
106 0.006924198250728864 0.00718958508577924 0.007086376061172204
107 0.007288629737609332 0.006957662986237974 0.007086376061172204
108 0.0076530612244897975 0.006725740886696707 0.007086376061172204
109 0.0076530612244897975 0.006725740886696707 0.007086376061172204
110 0.007288629737609332 0.006957662986237974 0.007086376061172204
111 0.007288629737609332 0.006957662986237974 0.007086376061172204
112 0.0076530612244897975 0.006725740886696707 0.007086376061172204
113 0.007288629737609332 0.006957662986237974 0.007086376061172204
114 0.006924198250728864 0.00718958508577924 0.007086376061172204
115 0.007288629737609332 0.006957662986237974 0.007086376061172204
116 0.007288629737609332 0.006957662986237974 0.007086376061172204
117 0.007288629737609332 0.006957662986237974 0.007086376061172204
118 0.007288629737609332 0.006957662986237974 0.007086376061172204
119 0.008017492711370264 0.006493818787155442 0.007086376061172204
120 0.0076530612244897975 0.006725740886696707 0.007086376061172204
121 0.0076530612244897975 0.006725740886696707 0.007086376061172204
122 0.0076530612244897975 0.006725740886696707 0.007086376061172204
123 0.008017492711370264 0.006493818787155442 0.007086376061172204
124 0.007288629737609332 0.006957662986237974 0.007086376061172204
125 0.007288629737609332 0.006957662986237974 0.007086376061172204
126 0.0076530612244897975 0.006725740886696707 0.007086376061172204
127 0.0076530612244897975 0.006725740886696707 0.007086376061172204
128 0.007288629737609332 0.006957662986237974 0.007086376061172204
129 0.007288629737609332 0.006957662986237974 0.007086376061172204
130 0.007288629737609332 0.006957662986237974 0.007086376061172204
131 0.007288629737609332 0.006957662986237974 0.007086376061172204
132 0.008017492711370264 0.006493818787155442 0.007086376061172204
133 0.007288629737609332 0.006957662986237974 0.007086376061172204
134 0.008017492711370264 0.006493818787155442 0.007086376061172204
135 0.0076530612244897975 0.006725740886696707 0.007086376061172204
136 0.007288629737609332 0.006957662986237974 0.007086376061172204
137 0.008017492711370264 0.006493818787155442 0.007086376061172204
138 0.0076530612244897975 0.006725740886696707 0.007086376061172204
139 0.008017492711370264 0.006493818787155442 0.007086376061172204
140 0.006924198250728864 0.00718958508577924 0.007086376061172204
141 0.0076530612244897975 0.006725740886696707 0.007086376061172204
142 0.008017492711370264 0.006493818787155442 0.007086376061172204
143 0.008017492711370264 0.006493818787155442 0.007086376061172204
144 0.0076530612244897975 0.006725740886696707 0.007086376061172204
145 0.007288629737609332 0.006957662986237974 0.007086376061172204
146 0.007288629737609332 0.006957662986237974 0.007086376061172204
147 0.006924198250728864 0.00718958508577924 0.007086376061172204
148 0.007288629737609332 0.006957662986237974 0.007086376061172204
149 0.007288629737609332 0.006957662986237974 0.007086376061172204
150 0.006924198250728864 0.00718958508577924 0.007086376061172204
151 0.006924198250728864 0.00718958508577924 0.007086376061172204
152 0.006924198250728864 0.00718958508577924 0.007086376061172204
153 0.006924198250728864 0.00718958508577924 0.007086376061172204
154 0.007288629737609332 0.006957662986237974 0.007086376061172204
155 0.007288629737609332 0.006957662986237974 0.007086376061172204
156 0.007288629737609332 0.006957662986237974 0.007086376061172204
157 0.007288629737609332 0.006957662986237974 0.007086376061172204
158 0.007288629737609332 0.006957662986237974 0.007086376061172204
159 0.007288629737609332 0.006957662986237974 0.007086376061172204
160 0.006924198250728864 0.00718958508577924 0.007086376061172204
161 0.0065597667638483985 0.007421507185320505 0.007086376061172204
162 0.0065597667638483985 0.007421507185320505 0.007086376061172204
163 0.006924198250728864 0.00718958508577924 0.007086376061172204
164 0.006924198250728864 0.00718958508577924 0.007086376061172204
165 0.006924198250728864 0.00718958508577924 0.007086376061172204
166 0.007288629737609332 0.006957662986237974 0.007086376061172204
167 0.007288629737609332 0.006957662986237974 0.007086376061172204
168 0.006924198250728864 0.00718958508577924 0.007086376061172204
169 0.007288629737609332 0.006957662986237974 0.007086376061172204
170 0.007288629737609332 0.006957662986237974 0.007086376061172204
171 0.007288629737609332 0.006957662986237974 0.007086376061172204
172 0.007288629737609332 0.006957662986237974 0.007086376061172204
173 0.0076530612244897975 0.006725740886696707 0.007086376061172204
174 0.007288629737609332 0.006957662986237974 0.007086376061172204
175 0.007288629737609332 0.006957662986237974 0.007086376061172204
176 0.007288629737609332 0.006957662986237974 0.007086376061172204
177 0.007288629737609332 0.006957662986237974 0.007086376061172204
178 0.007288629737609332 0.006957662986237974 0.007086376061172204
179 0.008017492711370264 0.006493818787155442 0.007086376061172204
180 0.008017492711370264 0.006493818787155442 0.007086376061172204
181 0.008017492711370264 0.006493818787155442 0.007086376061172204
182 0.008017492711370264 0.006493818787155442 0.007086376061172204
183 0.00838192419825073 0.006261896687614176 0.007086376061172204
184 0.008017492711370264 0.006493818787155442 0.007086376061172204
185 0.00838192419825073 0.006261896687614176 0.007086376061172204
186 0.00838192419825073 0.006261896687614176 0.007086376061172204
187 0.00838192419825073 0.006261896687614176 0.007086376061172204
188 0.00838192419825073 0.006261896687614176 0.007086376061172204
189 0.00838192419825073 0.006261896687614176 0.007086376061172204
190 0.00838192419825073 0.006261896687614176 0.007086376061172204
191 0.00838192419825073 0.006261896687614176 0.007086376061172204
192 0.00838192419825073 0.006261896687614176 0.007086376061172204
193 0.00838192419825073 0.006261896687614176 0.007086376061172204
194 0.00838192419825073 0.006261896687614176 0.007086376061172204
195 0.008017492711370264 0.006493818787155442 0.007086376061172204
196 0.008017492711370264 0.006493818787155442 0.007086376061172204
197 0.008017492711370264 0.006493818787155442 0.007086376061172204
198 0.008017492711370264 0.006493818787155442 0.007086376061172204
199 0.0076530612244897975 0.006725740886696707 0.007086376061172204
200 0.007288629737609332 0.006957662986237974 0.007086376061172204
