1 0.004373177842565598 0.008813039782568099 0.007086376061172204
2 0.004373177842565598 0.008813039782568099 0.007086376061172204
3 0.004737609329446065 0.008581117683026834 0.007086376061172204
4 0.004737609329446065 0.008581117683026834 0.007086376061172204
5 0.005102040816326531 0.008349195583485569 0.007086376061172204
6 0.005102040816326531 0.008349195583485569 0.007086376061172204
7 0.005102040816326531 0.008349195583485569 0.007086376061172204
8 0.005102040816326531 0.008349195583485569 0.007086376061172204
9 0.005102040816326531 0.008349195583485569 0.007086376061172204
10 0.004737609329446065 0.008581117683026834 0.007086376061172204
11 0.004737609329446065 0.008581117683026834 0.007086376061172204
12 0.004737609329446065 0.008581117683026834 0.007086376061172204
13 0.004737609329446065 0.008581117683026834 0.007086376061172204
14 0.004373177842565598 0.008813039782568099 0.007086376061172204
15 0.004373177842565598 0.008813039782568099 0.007086376061172204
16 0.004373177842565598 0.008813039782568099 0.007086376061172204
17 0.004737609329446065 0.008581117683026834 0.007086376061172204
18 0.004373177842565598 0.008813039782568099 0.007086376061172204
19 0.004737609329446065 0.008581117683026834 0.007086376061172204
20 0.005102040816326531 0.008349195583485569 0.007086376061172204
21 0.004373177842565598 0.008813039782568099 0.007086376061172204
22 0.004737609329446065 0.008581117683026834 0.007086376061172204
23 0.005102040816326531 0.008349195583485569 0.007086376061172204
24 0.005102040816326531 0.008349195583485569 0.007086376061172204
25 0.005102040816326531 0.008349195583485569 0.007086376061172204
26 0.004737609329446065 0.008581117683026834 0.007086376061172204
27 0.004737609329446065 0.008581117683026834 0.007086376061172204
28 0.004373177842565598 0.008813039782568099 0.007086376061172204
29 0.004373177842565598 0.008813039782568099 0.007086376061172204
30 0.004373177842565598 0.008813039782568099 0.007086376061172204
31 0.004008746355685132 0.009044961882109365 0.007086376061172204
32 0.004373177842565598 0.008813039782568099 0.007086376061172204
33 0.005102040816326531 0.008349195583485569 0.007086376061172204
34 0.004737609329446065 0.008581117683026834 0.007086376061172204
35 0.004737609329446065 0.008581117683026834 0.007086376061172204
36 0.004373177842565598 0.008813039782568099 0.007086376061172204
37 0.004373177842565598 0.008813039782568099 0.007086376061172204
38 0.004373177842565598 0.008813039782568099 0.007086376061172204
39 0.004373177842565598 0.008813039782568099 0.007086376061172204
40 0.004737609329446065 0.008581117683026834 0.007086376061172204
41 0.004373177842565598 0.008813039782568099 0.007086376061172204
42 0.004737609329446065 0.008581117683026834 0.007086376061172204
43 0.004373177842565598 0.008813039782568099 0.007086376061172204
44 0.004737609329446065 0.008581117683026834 0.007086376061172204
45 0.004737609329446065 0.008581117683026834 0.007086376061172204
46 0.004737609329446065 0.008581117683026834 0.007086376061172204
47 0.004737609329446065 0.008581117683026834 0.007086376061172204
48 0.004737609329446065 0.008581117683026834 0.007086376061172204
49 0.004373177842565598 0.008813039782568099 0.007086376061172204
50 0.004737609329446065 0.008581117683026834 0.007086376061172204
51 0.004737609329446065 0.008581117683026834 0.007086376061172204
52 0.005102040816326531 0.008349195583485569 0.007086376061172204
53 0.005102040816326531 0.008349195583485569 0.007086376061172204
54 0.005102040816326531 0.008349195583485569 0.007086376061172204
55 0.004737609329446065 0.008581117683026834 0.007086376061172204
56 0.005102040816326531 0.008349195583485569 0.007086376061172204
57 0.004373177842565598 0.008813039782568099 0.007086376061172204
58 0.005102040816326531 0.008349195583485569 0.007086376061172204
59 0.004737609329446065 0.008581117683026834 0.007086376061172204
60 0.004737609329446065 0.008581117683026834 0.007086376061172204
61 0.004737609329446065 0.008581117683026834 0.007086376061172204
62 0.004008746355685132 0.009044961882109365 0.007086376061172204
63 0.004373177842565598 0.008813039782568099 0.007086376061172204
64 0.004373177842565598 0.008813039782568099 0.007086376061172204
65 0.004373177842565598 0.008813039782568099 0.007086376061172204
66 0.004008746355685132 0.009044961882109365 0.007086376061172204
67 0.004373177842565598 0.008813039782568099 0.007086376061172204
68 0.004737609329446065 0.008581117683026834 0.007086376061172204
69 0.004737609329446065 0.008581117683026834 0.007086376061172204
70 0.004373177842565598 0.008813039782568099 0.007086376061172204
71 0.004737609329446065 0.008581117683026834 0.007086376061172204
72 0.004373177842565598 0.008813039782568099 0.007086376061172204
73 0.004737609329446065 0.008581117683026834 0.007086376061172204
74 0.004373177842565598 0.008813039782568099 0.007086376061172204
75 0.004373177842565598 0.008813039782568099 0.007086376061172204
76 0.004008746355685132 0.009044961882109365 0.007086376061172204
77 0.004373177842565598 0.008813039782568099 0.007086376061172204
78 0.004737609329446065 0.008581117683026834 0.007086376061172204
79 0.004737609329446065 0.008581117683026834 0.007086376061172204
80 0.004737609329446065 0.008581117683026834 0.007086376061172204
81 0.004373177842565598 0.008813039782568099 0.007086376061172204
82 0.004008746355685132 0.009044961882109365 0.007086376061172204
83 0.004737609329446065 0.008581117683026834 0.007086376061172204
84 0.004737609329446065 0.008581117683026834 0.007086376061172204
85 0.004008746355685132 0.009044961882109365 0.007086376061172204
86 0.004373177842565598 0.008813039782568099 0.007086376061172204
87 0.004737609329446065 0.008581117683026834 0.007086376061172204
88 0.004373177842565598 0.008813039782568099 0.007086376061172204
89 0.004737609329446065 0.008581117683026834 0.007086376061172204
90 0.004737609329446065 0.008581117683026834 0.007086376061172204
91 0.004737609329446065 0.008581117683026834 0.007086376061172204
92 0.004373177842565598 0.008813039782568099 0.007086376061172204
93 0.004373177842565598 0.008813039782568099 0.007086376061172204
94 0.004373177842565598 0.008813039782568099 0.007086376061172204
95 0.004373177842565598 0.008813039782568099 0.007086376061172204
96 0.004373177842565598 0.008813039782568099 0.007086376061172204
97 0.004373177842565598 0.008813039782568099 0.007086376061172204
98 0.004008746355685132 0.009044961882109365 0.007086376061172204
99 0.004008746355685132 0.009044961882109365 0.007086376061172204
100 0.004008746355685132 0.009044961882109365 0.007086376061172204
101 0.004373177842565598 0.008813039782568099 0.007086376061172204
102 0.004008746355685132 0.009044961882109365 0.007086376061172204
103 0.004373177842565598 0.008813039782568099 0.007086376061172204
104 0.004373177842565598 0.008813039782568099 0.007086376061172204
105 0.004373177842565598 0.008813039782568099 0.007086376061172204
106 0.004737609329446065 0.008581117683026834 0.007086376061172204
107 0.004373177842565598 0.008813039782568099 0.007086376061172204
108 0.004373177842565598 0.008813039782568099 0.007086376061172204
109 0.004373177842565598 0.008813039782568099 0.007086376061172204
110 0.004737609329446065 0.008581117683026834 0.007086376061172204
111 0.004737609329446065 0.008581117683026834 0.007086376061172204
112 0.004737609329446065 0.008581117683026834 0.007086376061172204
113 0.004737609329446065 0.008581117683026834 0.007086376061172204
114 0.004737609329446065 0.008581117683026834 0.007086376061172204
115 0.004373177842565598 0.008813039782568099 0.007086376061172204
116 0.004737609329446065 0.008581117683026834 0.007086376061172204
117 0.004737609329446065 0.008581117683026834 0.007086376061172204
118 0.004737609329446065 0.008581117683026834 0.007086376061172204
119 0.004737609329446065 0.008581117683026834 0.007086376061172204
120 0.004737609329446065 0.008581117683026834 0.007086376061172204
121 0.004737609329446065 0.008581117683026834 0.007086376061172204
122 0.004737609329446065 0.008581117683026834 0.007086376061172204
123 0.004737609329446065 0.008581117683026834 0.007086376061172204
124 0.004737609329446065 0.008581117683026834 0.007086376061172204
125 0.004737609329446065 0.008581117683026834 0.007086376061172204
126 0.005102040816326531 0.008349195583485569 0.007086376061172204
127 0.005102040816326531 0.008349195583485569 0.007086376061172204
128 0.005102040816326531 0.008349195583485569 0.007086376061172204
129 0.004737609329446065 0.008581117683026834 0.007086376061172204
130 0.004737609329446065 0.008581117683026834 0.007086376061172204
131 0.004373177842565598 0.008813039782568099 0.007086376061172204
132 0.004737609329446065 0.008581117683026834 0.007086376061172204
133 0.005102040816326531 0.008349195583485569 0.007086376061172204
134 0.004737609329446065 0.008581117683026834 0.007086376061172204
135 0.004737609329446065 0.008581117683026834 0.007086376061172204
136 0.005102040816326531 0.008349195583485569 0.007086376061172204
137 0.004737609329446065 0.008581117683026834 0.007086376061172204
138 0.004373177842565598 0.008813039782568099 0.007086376061172204
139 0.004008746355685132 0.009044961882109365 0.007086376061172204
140 0.004737609329446065 0.008581117683026834 0.007086376061172204
141 0.004373177842565598 0.008813039782568099 0.007086376061172204
142 0.004737609329446065 0.008581117683026834 0.007086376061172204
143 0.004373177842565598 0.008813039782568099 0.007086376061172204
144 0.004373177842565598 0.008813039782568099 0.007086376061172204
145 0.004373177842565598 0.008813039782568099 0.007086376061172204
146 0.004373177842565598 0.008813039782568099 0.007086376061172204
147 0.004737609329446065 0.008581117683026834 0.007086376061172204
148 0.005102040816326531 0.008349195583485569 0.007086376061172204
149 0.005466472303206999 0.008117273483944303 0.007086376061172204
150 0.005102040816326531 0.008349195583485569 0.007086376061172204
151 0.004737609329446065 0.008581117683026834 0.007086376061172204
152 0.005466472303206999 0.008117273483944303 0.007086376061172204
153 0.005102040816326531 0.008349195583485569 0.007086376061172204
154 0.005102040816326531 0.008349195583485569 0.007086376061172204
155 0.004737609329446065 0.008581117683026834 0.007086376061172204
156 0.005830903790087465 0.007885351384403036 0.007086376061172204
157 0.005466472303206999 0.008117273483944303 0.007086376061172204
158 0.004737609329446065 0.008581117683026834 0.007086376061172204
159 0.004737609329446065 0.008581117683026834 0.007086376061172204
160 0.004373177842565598 0.008813039782568099 0.007086376061172204
161 0.004737609329446065 0.008581117683026834 0.007086376061172204
162 0.004737609329446065 0.008581117683026834 0.007086376061172204
163 0.005102040816326531 0.008349195583485569 0.007086376061172204
164 0.004737609329446065 0.008581117683026834 0.007086376061172204
165 0.004737609329446065 0.008581117683026834 0.007086376061172204
166 0.004737609329446065 0.008581117683026834 0.007086376061172204
167 0.004008746355685132 0.009044961882109365 0.007086376061172204
168 0.005102040816326531 0.008349195583485569 0.007086376061172204
169 0.005102040816326531 0.008349195583485569 0.007086376061172204
170 0.004373177842565598 0.008813039782568099 0.007086376061172204
171 0.004373177842565598 0.008813039782568099 0.007086376061172204
172 0.004373177842565598 0.008813039782568099 0.007086376061172204
173 0.004373177842565598 0.008813039782568099 0.007086376061172204
174 0.005466472303206999 0.008117273483944303 0.007086376061172204
175 0.005102040816326531 0.008349195583485569 0.007086376061172204
176 0.004737609329446065 0.008581117683026834 0.007086376061172204
177 0.004737609329446065 0.008581117683026834 0.007086376061172204
178 0.004373177842565598 0.008813039782568099 0.007086376061172204
179 0.004737609329446065 0.008581117683026834 0.007086376061172204
180 0.005466472303206999 0.008117273483944303 0.007086376061172204
181 0.005466472303206999 0.008117273483944303 0.007086376061172204
182 0.004737609329446065 0.008581117683026834 0.007086376061172204
183 0.004737609329446065 0.008581117683026834 0.007086376061172204
184 0.004737609329446065 0.008581117683026834 0.007086376061172204
185 0.005102040816326531 0.008349195583485569 0.007086376061172204
186 0.004737609329446065 0.008581117683026834 0.007086376061172204
187 0.004008746355685132 0.009044961882109365 0.007086376061172204
188 0.004373177842565598 0.008813039782568099 0.007086376061172204
189 0.004008746355685132 0.009044961882109365 0.007086376061172204
190 0.004373177842565598 0.008813039782568099 0.007086376061172204
191 0.004373177842565598 0.008813039782568099 0.007086376061172204
192 0.003644314868804666 0.009276883981650632 0.007086376061172204
193 0.0032798833819241992 0.009508806081191897 0.007086376061172204
194 0.003644314868804666 0.009276883981650632 0.007086376061172204
195 0.003644314868804666 0.009276883981650632 0.007086376061172204
196 0.004008746355685132 0.009044961882109365 0.007086376061172204
197 0.003644314868804666 0.009276883981650632 0.007086376061172204
198 0.004008746355685132 0.009044961882109365 0.007086376061172204
199 0.004373177842565598 0.008813039782568099 0.007086376061172204
200 0.004008746355685132 0.009044961882109365 0.007086376061172204
201 0.004008746355685132 0.009044961882109365 0.007086376061172204
202 0.004008746355685132 0.009044961882109365 0.007086376061172204
203 0.004373177842565598 0.008813039782568099 0.007086376061172204
204 0.004008746355685132 0.009044961882109365 0.007086376061172204
205 0.004008746355685132 0.009044961882109365 0.007086376061172204
206 0.004373177842565598 0.008813039782568099 0.007086376061172204
207 0.004373177842565598 0.008813039782568099 0.007086376061172204
208 0.004373177842565598 0.008813039782568099 0.007086376061172204
209 0.004008746355685132 0.009044961882109365 0.007086376061172204
210 0.004008746355685132 0.009044961882109365 0.007086376061172204
211 0.004373177842565598 0.008813039782568099 0.007086376061172204
212 0.004373177842565598 0.008813039782568099 0.007086376061172204
213 0.004373177842565598 0.008813039782568099 0.007086376061172204
214 0.004373177842565598 0.008813039782568099 0.007086376061172204
215 0.004373177842565598 0.008813039782568099 0.007086376061172204
216 0.005102040816326531 0.008349195583485569 0.007086376061172204
217 0.004373177842565598 0.008813039782568099 0.007086376061172204
218 0.004373177842565598 0.008813039782568099 0.007086376061172204
219 0.004373177842565598 0.008813039782568099 0.007086376061172204
220 0.004737609329446065 0.008581117683026834 0.007086376061172204
221 0.004737609329446065 0.008581117683026834 0.007086376061172204
222 0.005466472303206999 0.008117273483944303 0.007086376061172204
223 0.004373177842565598 0.008813039782568099 0.007086376061172204
224 0.004373177842565598 0.008813039782568099 0.007086376061172204
225 0.004008746355685132 0.009044961882109365 0.007086376061172204
226 0.004008746355685132 0.009044961882109365 0.007086376061172204
227 0.004008746355685132 0.009044961882109365 0.007086376061172204
228 0.004008746355685132 0.009044961882109365 0.007086376061172204
229 0.004008746355685132 0.009044961882109365 0.007086376061172204
230 0.004008746355685132 0.009044961882109365 0.007086376061172204
231 0.004373177842565598 0.008813039782568099 0.007086376061172204
232 0.004737609329446065 0.008581117683026834 0.007086376061172204
233 0.004737609329446065 0.008581117683026834 0.007086376061172204
234 0.004737609329446065 0.008581117683026834 0.007086376061172204
235 0.004373177842565598 0.008813039782568099 0.007086376061172204
236 0.004373177842565598 0.008813039782568099 0.007086376061172204
237 0.004373177842565598 0.008813039782568099 0.007086376061172204
238 0.004008746355685132 0.009044961882109365 0.007086376061172204
239 0.004008746355685132 0.009044961882109365 0.007086376061172204
240 0.004373177842565598 0.008813039782568099 0.007086376061172204
241 0.004373177842565598 0.008813039782568099 0.007086376061172204
242 0.004373177842565598 0.008813039782568099 0.007086376061172204
243 0.004737609329446065 0.008581117683026834 0.007086376061172204
244 0.004373177842565598 0.008813039782568099 0.007086376061172204
245 0.004373177842565598 0.008813039782568099 0.007086376061172204
246 0.004008746355685132 0.009044961882109365 0.007086376061172204
247 0.004008746355685132 0.009044961882109365 0.007086376061172204
248 0.004737609329446065 0.008581117683026834 0.007086376061172204
249 0.004373177842565598 0.008813039782568099 0.007086376061172204
250 0.004737609329446065 0.008581117683026834 0.007086376061172204
251 0.004008746355685132 0.009044961882109365 0.007086376061172204
252 0.004008746355685132 0.009044961882109365 0.007086376061172204
253 0.004008746355685132 0.009044961882109365 0.007086376061172204
254 0.004008746355685132 0.009044961882109365 0.007086376061172204
255 0.003644314868804666 0.009276883981650632 0.007086376061172204
256 0.003644314868804666 0.009276883981650632 0.007086376061172204
257 0.003644314868804666 0.009276883981650632 0.007086376061172204
258 0.004008746355685132 0.009044961882109365 0.007086376061172204
259 0.004008746355685132 0.009044961882109365 0.007086376061172204
260 0.004008746355685132 0.009044961882109365 0.007086376061172204
261 0.004008746355685132 0.009044961882109365 0.007086376061172204
262 0.004008746355685132 0.009044961882109365 0.007086376061172204
263 0.003644314868804666 0.009276883981650632 0.007086376061172204
264 0.004008746355685132 0.009044961882109365 0.007086376061172204
265 0.004373177842565598 0.008813039782568099 0.007086376061172204
266 0.004373177842565598 0.008813039782568099 0.007086376061172204
267 0.003644314868804666 0.009276883981650632 0.007086376061172204
268 0.003644314868804666 0.009276883981650632 0.007086376061172204
269 0.003644314868804666 0.009276883981650632 0.007086376061172204
270 0.003644314868804666 0.009276883981650632 0.007086376061172204
271 0.003644314868804666 0.009276883981650632 0.007086376061172204
272 0.004008746355685132 0.009044961882109365 0.007086376061172204
273 0.004008746355685132 0.009044961882109365 0.007086376061172204
274 0.004008746355685132 0.009044961882109365 0.007086376061172204
275 0.003644314868804666 0.009276883981650632 0.007086376061172204
276 0.003644314868804666 0.009276883981650632 0.007086376061172204
277 0.004008746355685132 0.009044961882109365 0.007086376061172204
278 0.004008746355685132 0.009044961882109365 0.007086376061172204
279 0.004008746355685132 0.009044961882109365 0.007086376061172204
280 0.004373177842565598 0.008813039782568099 0.007086376061172204
281 0.004008746355685132 0.009044961882109365 0.007086376061172204
282 0.004008746355685132 0.009044961882109365 0.007086376061172204
283 0.004373177842565598 0.008813039782568099 0.007086376061172204
284 0.004008746355685132 0.009044961882109365 0.007086376061172204
285 0.003644314868804666 0.009276883981650632 0.007086376061172204
286 0.004008746355685132 0.009044961882109365 0.007086376061172204
287 0.004008746355685132 0.009044961882109365 0.007086376061172204
288 0.004008746355685132 0.009044961882109365 0.007086376061172204
289 0.004373177842565598 0.008813039782568099 0.007086376061172204
290 0.004008746355685132 0.009044961882109365 0.007086376061172204
291 0.003644314868804666 0.009276883981650632 0.007086376061172204
292 0.004008746355685132 0.009044961882109365 0.007086376061172204
293 0.004008746355685132 0.009044961882109365 0.007086376061172204
294 0.004008746355685132 0.009044961882109365 0.007086376061172204
295 0.004008746355685132 0.009044961882109365 0.007086376061172204
296 0.004008746355685132 0.009044961882109365 0.007086376061172204
297 0.004373177842565598 0.008813039782568099 0.007086376061172204
298 0.003644314868804666 0.009276883981650632 0.007086376061172204
299 0.004373177842565598 0.008813039782568099 0.007086376061172204
300 0.004373177842565598 0.008813039782568099 0.007086376061172204
301 0.004008746355685132 0.009044961882109365 0.007086376061172204
302 0.003644314868804666 0.009276883981650632 0.007086376061172204
303 0.004373177842565598 0.008813039782568099 0.007086376061172204
304 0.004373177842565598 0.008813039782568099 0.007086376061172204
305 0.004373177842565598 0.008813039782568099 0.007086376061172204
306 0.004008746355685132 0.009044961882109365 0.007086376061172204
307 0.004008746355685132 0.009044961882109365 0.007086376061172204
308 0.004373177842565598 0.008813039782568099 0.007086376061172204
309 0.004008746355685132 0.009044961882109365 0.007086376061172204
310 0.004008746355685132 0.009044961882109365 0.007086376061172204
311 0.004373177842565598 0.008813039782568099 0.007086376061172204
312 0.004373177842565598 0.008813039782568099 0.007086376061172204
313 0.004373177842565598 0.008813039782568099 0.007086376061172204
314 0.004737609329446065 0.008581117683026834 0.007086376061172204
315 0.004373177842565598 0.008813039782568099 0.007086376061172204
316 0.004373177842565598 0.008813039782568099 0.007086376061172204
317 0.004373177842565598 0.008813039782568099 0.007086376061172204
318 0.005102040816326531 0.008349195583485569 0.007086376061172204
319 0.005102040816326531 0.008349195583485569 0.007086376061172204
320 0.005102040816326531 0.008349195583485569 0.007086376061172204
321 0.004737609329446065 0.008581117683026834 0.007086376061172204
322 0.004737609329446065 0.008581117683026834 0.007086376061172204
323 0.004737609329446065 0.008581117683026834 0.007086376061172204
324 0.005102040816326531 0.008349195583485569 0.007086376061172204
325 0.005102040816326531 0.008349195583485569 0.007086376061172204
326 0.005466472303206999 0.008117273483944303 0.007086376061172204
327 0.005466472303206999 0.008117273483944303 0.007086376061172204
328 0.005830903790087465 0.007885351384403036 0.007086376061172204
329 0.0065597667638483985 0.007421507185320505 0.007086376061172204
330 0.006195335276967931 0.00765342928486177 0.007086376061172204
331 0.006195335276967931 0.00765342928486177 0.007086376061172204
332 0.0065597667638483985 0.007421507185320505 0.007086376061172204
333 0.006195335276967931 0.00765342928486177 0.007086376061172204
334 0.005466472303206999 0.008117273483944303 0.007086376061172204
335 0.005830903790087465 0.007885351384403036 0.007086376061172204
336 0.005830903790087465 0.007885351384403036 0.007086376061172204
337 0.005830903790087465 0.007885351384403036 0.007086376061172204
338 0.005466472303206999 0.008117273483944303 0.007086376061172204
339 0.005830903790087465 0.007885351384403036 0.007086376061172204
340 0.005830903790087465 0.007885351384403036 0.007086376061172204
341 0.005466472303206999 0.008117273483944303 0.007086376061172204
342 0.005466472303206999 0.008117273483944303 0.007086376061172204
343 0.005466472303206999 0.008117273483944303 0.007086376061172204
344 0.0065597667638483985 0.007421507185320505 0.007086376061172204
345 0.006195335276967931 0.00765342928486177 0.007086376061172204
346 0.005830903790087465 0.007885351384403036 0.007086376061172204
347 0.005830903790087465 0.007885351384403036 0.007086376061172204
348 0.005830903790087465 0.007885351384403036 0.007086376061172204
349 0.006195335276967931 0.00765342928486177 0.007086376061172204
350 0.006195335276967931 0.00765342928486177 0.007086376061172204
351 0.005830903790087465 0.007885351384403036 0.007086376061172204
352 0.006195335276967931 0.00765342928486177 0.007086376061172204
353 0.005466472303206999 0.008117273483944303 0.007086376061172204
354 0.005830903790087465 0.007885351384403036 0.007086376061172204
355 0.005830903790087465 0.007885351384403036 0.007086376061172204
356 0.006195335276967931 0.00765342928486177 0.007086376061172204
357 0.005830903790087465 0.007885351384403036 0.007086376061172204
358 0.005830903790087465 0.007885351384403036 0.007086376061172204
359 0.005830903790087465 0.007885351384403036 0.007086376061172204
360 0.005466472303206999 0.008117273483944303 0.007086376061172204
361 0.006195335276967931 0.00765342928486177 0.007086376061172204
362 0.005830903790087465 0.007885351384403036 0.007086376061172204
363 0.005830903790087465 0.007885351384403036 0.007086376061172204
364 0.005830903790087465 0.007885351384403036 0.007086376061172204
365 0.005830903790087465 0.007885351384403036 0.007086376061172204
366 0.005466472303206999 0.008117273483944303 0.007086376061172204
367 0.005830903790087465 0.007885351384403036 0.007086376061172204
368 0.005466472303206999 0.008117273483944303 0.007086376061172204
369 0.005830903790087465 0.007885351384403036 0.007086376061172204
370 0.005830903790087465 0.007885351384403036 0.007086376061172204
371 0.005830903790087465 0.007885351384403036 0.007086376061172204
372 0.006195335276967931 0.00765342928486177 0.007086376061172204
373 0.006195335276967931 0.00765342928486177 0.007086376061172204
374 0.006195335276967931 0.00765342928486177 0.007086376061172204
375 0.0065597667638483985 0.007421507185320505 0.007086376061172204
376 0.006195335276967931 0.00765342928486177 0.007086376061172204
377 0.006924198250728864 0.00718958508577924 0.007086376061172204
378 0.006195335276967931 0.00765342928486177 0.007086376061172204
379 0.0065597667638483985 0.007421507185320505 0.007086376061172204
380 0.0065597667638483985 0.007421507185320505 0.007086376061172204
381 0.0065597667638483985 0.007421507185320505 0.007086376061172204
382 0.0065597667638483985 0.007421507185320505 0.007086376061172204
383 0.006195335276967931 0.00765342928486177 0.007086376061172204
384 0.006195335276967931 0.00765342928486177 0.007086376061172204
385 0.006195335276967931 0.00765342928486177 0.007086376061172204
386 0.006195335276967931 0.00765342928486177 0.007086376061172204
387 0.006195335276967931 0.00765342928486177 0.007086376061172204
388 0.006195335276967931 0.00765342928486177 0.007086376061172204
389 0.006195335276967931 0.00765342928486177 0.007086376061172204
390 0.006195335276967931 0.00765342928486177 0.007086376061172204
391 0.005830903790087465 0.007885351384403036 0.007086376061172204
392 0.006195335276967931 0.00765342928486177 0.007086376061172204
393 0.005466472303206999 0.008117273483944303 0.007086376061172204
394 0.006195335276967931 0.00765342928486177 0.007086376061172204
395 0.006195335276967931 0.00765342928486177 0.007086376061172204
396 0.006195335276967931 0.00765342928486177 0.007086376061172204
397 0.005830903790087465 0.007885351384403036 0.007086376061172204
398 0.005830903790087465 0.007885351384403036 0.007086376061172204
399 0.005830903790087465 0.007885351384403036 0.007086376061172204
400 0.006195335276967931 0.00765342928486177 0.007086376061172204
401 0.005830903790087465 0.007885351384403036 0.007086376061172204
402 0.006195335276967931 0.00765342928486177 0.007086376061172204
403 0.006195335276967931 0.00765342928486177 0.007086376061172204
404 0.0065597667638483985 0.007421507185320505 0.007086376061172204
405 0.005830903790087465 0.007885351384403036 0.007086376061172204
406 0.005830903790087465 0.007885351384403036 0.007086376061172204
407 0.005102040816326531 0.008349195583485569 0.007086376061172204
408 0.005102040816326531 0.008349195583485569 0.007086376061172204
409 0.005466472303206999 0.008117273483944303 0.007086376061172204
410 0.005102040816326531 0.008349195583485569 0.007086376061172204
411 0.005102040816326531 0.008349195583485569 0.007086376061172204
412 0.005102040816326531 0.008349195583485569 0.007086376061172204
413 0.005102040816326531 0.008349195583485569 0.007086376061172204
414 0.005102040816326531 0.008349195583485569 0.007086376061172204
415 0.005102040816326531 0.008349195583485569 0.007086376061172204
416 0.005102040816326531 0.008349195583485569 0.007086376061172204
417 0.005102040816326531 0.008349195583485569 0.007086376061172204
418 0.005466472303206999 0.008117273483944303 0.007086376061172204
419 0.005466472303206999 0.008117273483944303 0.007086376061172204
420 0.005466472303206999 0.008117273483944303 0.007086376061172204
421 0.005102040816326531 0.008349195583485569 0.007086376061172204
422 0.005102040816326531 0.008349195583485569 0.007086376061172204
423 0.005102040816326531 0.008349195583485569 0.007086376061172204
424 0.005466472303206999 0.008117273483944303 0.007086376061172204
425 0.005466472303206999 0.008117273483944303 0.007086376061172204
426 0.005466472303206999 0.008117273483944303 0.007086376061172204
427 0.005102040816326531 0.008349195583485569 0.007086376061172204
428 0.005102040816326531 0.008349195583485569 0.007086376061172204
429 0.005102040816326531 0.008349195583485569 0.007086376061172204
430 0.005102040816326531 0.008349195583485569 0.007086376061172204
431 0.005102040816326531 0.008349195583485569 0.007086376061172204
432 0.005102040816326531 0.008349195583485569 0.007086376061172204
433 0.005102040816326531 0.008349195583485569 0.007086376061172204
434 0.005466472303206999 0.008117273483944303 0.007086376061172204
435 0.005102040816326531 0.008349195583485569 0.007086376061172204
436 0.005466472303206999 0.008117273483944303 0.007086376061172204
437 0.005466472303206999 0.008117273483944303 0.007086376061172204
438 0.005102040816326531 0.008349195583485569 0.007086376061172204
439 0.005102040816326531 0.008349195583485569 0.007086376061172204
440 0.005102040816326531 0.008349195583485569 0.007086376061172204
441 0.0065597667638483985 0.007421507185320505 0.007086376061172204
442 0.004737609329446065 0.008581117683026834 0.007086376061172204
443 0.004737609329446065 0.008581117683026834 0.007086376061172204
444 0.004737609329446065 0.008581117683026834 0.007086376061172204
445 0.005466472303206999 0.008117273483944303 0.007086376061172204
446 0.005466472303206999 0.008117273483944303 0.007086376061172204
447 0.005466472303206999 0.008117273483944303 0.007086376061172204
448 0.005466472303206999 0.008117273483944303 0.007086376061172204
449 0.005830903790087465 0.007885351384403036 0.007086376061172204
450 0.005830903790087465 0.007885351384403036 0.007086376061172204
451 0.006195335276967931 0.00765342928486177 0.007086376061172204
452 0.006195335276967931 0.00765342928486177 0.007086376061172204
453 0.005466472303206999 0.008117273483944303 0.007086376061172204
454 0.005466472303206999 0.008117273483944303 0.007086376061172204
455 0.005102040816326531 0.008349195583485569 0.007086376061172204
456 0.005102040816326531 0.008349195583485569 0.007086376061172204
457 0.005102040816326531 0.008349195583485569 0.007086376061172204
458 0.005466472303206999 0.008117273483944303 0.007086376061172204
459 0.005466472303206999 0.008117273483944303 0.007086376061172204
460 0.005466472303206999 0.008117273483944303 0.007086376061172204
461 0.005466472303206999 0.008117273483944303 0.007086376061172204
462 0.005466472303206999 0.008117273483944303 0.007086376061172204
463 0.005102040816326531 0.008349195583485569 0.007086376061172204
464 0.005466472303206999 0.008117273483944303 0.007086376061172204
465 0.005830903790087465 0.007885351384403036 0.007086376061172204
466 0.005466472303206999 0.008117273483944303 0.007086376061172204
467 0.005830903790087465 0.007885351384403036 0.007086376061172204
468 0.005102040816326531 0.008349195583485569 0.007086376061172204
469 0.005102040816326531 0.008349195583485569 0.007086376061172204
470 0.004737609329446065 0.008581117683026834 0.007086376061172204
471 0.005466472303206999 0.008117273483944303 0.007086376061172204
472 0.004737609329446065 0.008581117683026834 0.007086376061172204
473 0.005102040816326531 0.008349195583485569 0.007086376061172204
474 0.005102040816326531 0.008349195583485569 0.007086376061172204
475 0.005102040816326531 0.008349195583485569 0.007086376061172204
476 0.005102040816326531 0.008349195583485569 0.007086376061172204
477 0.005102040816326531 0.008349195583485569 0.007086376061172204
478 0.005102040816326531 0.008349195583485569 0.007086376061172204
479 0.005102040816326531 0.008349195583485569 0.007086376061172204
480 0.005102040816326531 0.008349195583485569 0.007086376061172204
481 0.005102040816326531 0.008349195583485569 0.007086376061172204
482 0.005102040816326531 0.008349195583485569 0.007086376061172204
483 0.005102040816326531 0.008349195583485569 0.007086376061172204
484 0.005466472303206999 0.008117273483944303 0.007086376061172204
485 0.005466472303206999 0.008117273483944303 0.007086376061172204
486 0.005830903790087465 0.007885351384403036 0.007086376061172204
487 0.005102040816326531 0.008349195583485569 0.007086376061172204
488 0.005466472303206999 0.008117273483944303 0.007086376061172204
489 0.004737609329446065 0.008581117683026834 0.007086376061172204
490 0.005466472303206999 0.008117273483944303 0.007086376061172204
491 0.005830903790087465 0.007885351384403036 0.007086376061172204
492 0.005466472303206999 0.008117273483944303 0.007086376061172204
493 0.005102040816326531 0.008349195583485569 0.007086376061172204
494 0.005102040816326531 0.008349195583485569 0.007086376061172204
495 0.005102040816326531 0.008349195583485569 0.007086376061172204
496 0.005102040816326531 0.008349195583485569 0.007086376061172204
497 0.005102040816326531 0.008349195583485569 0.007086376061172204
498 0.005102040816326531 0.008349195583485569 0.007086376061172204
499 0.005830903790087465 0.007885351384403036 0.007086376061172204
500 0.005466472303206999 0.008117273483944303 0.007086376061172204
