0.000000000000000000e+00
1.756206702076535675e-01
3.034562342326749262e-01
4.235002223073829342e-01
5.377674886528415188e-01
6.482982192019844936e-01
7.566798546039942286e-01
8.634396670059329981e-01
9.693393376758618896e-01
1.073980982375671633e+00
1.176245438855508585e+00
1.275974160739805408e+00
1.375875502152687613e+00
1.475106483940654467e+00
1.574203881044745179e+00
1.672067537422019967e+00
1.769648522213006281e+00
1.867516000741569648e+00
1.964151486469326802e+00
2.059655899306436222e+00
2.155388476792368113e+00
2.250610390028868757e+00
2.344680218618693246e+00
2.438545666218404850e+00
2.532053715697383467e+00
2.625757105632980704e+00
2.720262230231837552e+00
2.813419450172032654e+00
2.907435256719750338e+00
3.001317754774035951e+00
3.093934471888293292e+00
3.186483627332067581e+00
3.277681178910742954e+00
3.368033091627338660e+00
3.457962597688088113e+00
3.546668915773250941e+00
3.635166960972225692e+00
3.722341982363978286e+00
3.811390143473372127e+00
3.900045515379878758e+00
3.989673363625025004e+00
4.078430458355636112e+00
4.165949898444990751e+00
4.252403674623800534e+00
4.339811893211654059e+00
4.427373448811939838e+00
4.514246255178958833e+00
4.600579106753942327e+00
4.685893430609636034e+00
4.771554082747288206e+00
4.856242545967350388e+00
4.940377057277874684e+00
5.024326278151615810e+00
5.107047447149820840e+00
5.190341970579475550e+00
5.273628124767255620e+00
5.356054350225456062e+00
5.439267139869440548e+00
5.522129531722603346e+00
5.605988321157895804e+00
5.689645255296002624e+00
5.772090101111761129e+00
5.854619832964893966e+00
5.936234906185260840e+00
6.017703561886228236e+00
6.099624003280903928e+00
6.179487691399700999e+00
6.259301380951266758e+00
6.338210462353877972e+00
6.417868298391030457e+00
6.496072220087864224e+00
6.574368540959123486e+00
6.652974385141458669e+00
6.731145907047235255e+00
6.808585515955902778e+00
6.886354074171262774e+00
6.963991294029803214e+00
7.042880768928449164e+00
7.120831810853958999e+00
7.197204220190479340e+00
7.275077992088520240e+00
7.351708380037917046e+00
7.429025920299038077e+00
7.505436417990652309e+00
7.582136893273349720e+00
7.659253529082095113e+00
7.736935052669009494e+00
7.813598062998716287e+00
7.891352684419161712e+00
7.969069351580862381e+00
8.046414469002607817e+00
8.122523328703712409e+00
8.198604679509170268e+00
8.274711979046422528e+00
8.350778077037171343e+00
8.428161516729751668e+00
8.504253061033420380e+00
8.579803065824766151e+00
8.654568947488071373e+00
8.728821481335145904e+00
8.802942695484226476e+00
8.877136169510164265e+00
8.951273252216463305e+00
9.024736776408973427e+00
9.098693444202947234e+00
9.172313556947262470e+00
9.245480581535069575e+00
9.320322385794083786e+00
9.395547593761460092e+00
9.469485233995181162e+00
9.542480930164401798e+00
9.615947872532716545e+00
9.689219648309240540e+00
9.762204467041394551e+00
9.835357137640206915e+00
9.908159343332258118e+00
9.981134819748357145e+00
1.005386176303203172e+01
1.012629251963861954e+01
1.020109158221908174e+01
1.027488465932882278e+01
1.034815779988799278e+01
1.042068082476126634e+01
1.049183520436825212e+01
1.056529019644724343e+01
1.063848563714563333e+01
1.071125470266446378e+01
1.078473713136681056e+01
1.085752672375478589e+01
1.092888114088097318e+01
1.100106101289861549e+01
1.107320999120093319e+01
1.114474069047401805e+01
1.121625924011227404e+01
1.128776879300426650e+01
1.135873186093415832e+01
1.143107880682808286e+01
1.150158101669970101e+01
1.157222884857538503e+01
1.164353931879229442e+01
1.171568980451533903e+01
1.178789297770543065e+01
1.185979378316502597e+01
1.193029014302829260e+01
1.199960164912574001e+01
1.207000744830080130e+01
1.214016827915013330e+01
1.221112350477818964e+01
1.228224628917981676e+01
1.235332862310733582e+01
1.242351085513641706e+01
1.249290261343091579e+01
1.256261949993889893e+01
1.263191401406937864e+01
1.270105219771808791e+01
1.277005922953768646e+01
1.284008906479012424e+01
1.290908405343064835e+01
1.297845799992058247e+01
1.304645946922020094e+01
1.311545208496064774e+01
1.318392611869183639e+01
1.325173096490747504e+01
1.331894307850555315e+01
1.338670574661386681e+01
1.345315299661394448e+01
1.352000395827114687e+01
1.358602174950324759e+01
1.365360118174618087e+01
1.371996659348006808e+01
1.378568881016697567e+01
1.385185497855100500e+01
1.391663753327135211e+01
1.398211585697277037e+01
1.404717833991047016e+01
1.411221621732122422e+01
1.417732417602635131e+01
1.424392172276733071e+01
1.430802662557465332e+01
1.437210875520428210e+01
1.443542500713146737e+01
1.449993639588105054e+01
1.456415420555268447e+01
1.462857579859364421e+01
1.469453959110310493e+01
1.476047683122452980e+01
1.482724583862084522e+01
1.489322078445177056e+01
1.495905496688543757e+01
1.502532460932336100e+01
1.509091775464231056e+01
1.515584680620161251e+01
1.522227753060596633e+01
1.528864039511423556e+01
1.535559933891871331e+01
1.542227816286160724e+01
1.548967662026151437e+01
1.555753742390160888e+01
1.562448629646084441e+01
1.569172302919190187e+01
1.575986744400558237e+01
1.582742911503090966e+01
1.589386047467051988e+01
1.596135460619744784e+01
1.602804897808422169e+01
1.609466294409631359e+01
1.616042039381115103e+01
1.622525709701569951e+01
1.628996421908895087e+01
1.635532927636302958e+01
1.641993574361675812e+01
1.648562648379261830e+01
1.655120742719691407e+01
1.661588723327617600e+01
1.668149403284727939e+01
1.674583774739606312e+01
1.680973649549079951e+01
1.687332672029424785e+01
1.693580453158154597e+01
1.699858343642585723e+01
1.706109584165957216e+01
1.712432424110485840e+01
1.718799943174902367e+01
1.725049435712481483e+01
1.731361592156033069e+01
1.737562839181502738e+01
1.743847157742705178e+01
1.750074371384403804e+01
1.756241536665207192e+01
1.762320787281709400e+01
1.768519207274463056e+01
1.774683743294237814e+01
1.780790846781329151e+01
1.786891546816295673e+01
1.793072115188656923e+01
1.799212456323597564e+01
1.805447487169045928e+01
1.811718190117000660e+01
1.817844776608544066e+01
1.823933948582717335e+01
1.830002818213853644e+01
1.835996953366210604e+01
1.842039858488945825e+01
1.847952620943823376e+01
1.853865783180960847e+01
1.859808079769455347e+01
1.865649974863195482e+01
1.871446166435545422e+01
1.877110300323142056e+01
1.882653200350207712e+01
1.888166743357410837e+01
1.893878622451288862e+01
1.899548117641620237e+01
1.905329565684553828e+01
1.911073269905910621e+01
1.916640021079986056e+01
1.922142301183917823e+01
1.927788956874166004e+01
1.933411067643766756e+01
1.939099772792791043e+01
1.944892686320565289e+01
1.950571237508347622e+01
1.956235901278934008e+01
1.961833679651055107e+01
1.967483979153972484e+01
1.973050093859040288e+01
1.978598667506576447e+01
1.984084805457563760e+01
1.989749460021734251e+01
1.995549744756474908e+01
2.001321983726201736e+01
2.007022778615651859e+01
2.012784309707174657e+01
2.018534274433668330e+01
2.024156622335196687e+01
2.029746855618784096e+01
2.035278378955489131e+01
2.040795196649118282e+01
2.046421948506475275e+01
2.051980440496423697e+01
2.057713621479517840e+01
2.063546017010030198e+01
2.069384677727134658e+01
2.075234112648917062e+01
2.081055386767814497e+01
2.086925789874661419e+01
2.092709796942461153e+01
2.098528801471069016e+01
2.104453475655667205e+01
2.110422864041903424e+01
2.116523647606763703e+01
2.122458626331391329e+01
2.128467009930126608e+01
2.134583449380026110e+01
2.140751486749593013e+01
2.146917295605407361e+01
2.153053868126740156e+01
2.159132085123299660e+01
2.165299034790313115e+01
2.171366672579224399e+01
2.177426275221623797e+01
2.183457341536632512e+01
2.189447445462652198e+01
2.195390011413500275e+01
2.201220350653677826e+01
2.207179637919094972e+01
2.213146602980334876e+01
2.219214736967743917e+01
2.225217291553094867e+01
2.231157109350509415e+01
2.237121373115869716e+01
2.243127556333591599e+01
2.249118271286562631e+01
2.255075627567778795e+01
2.260926417143586420e+01
2.266846237835306610e+01
2.272811341588567302e+01
2.278791814282861594e+01
2.284758231164683551e+01
2.290734513477120160e+01
2.296738622678005015e+01
2.302817361655475992e+01
2.308971497448476029e+01
2.315092641013935904e+01
2.321171845809776002e+01
2.327312219884506561e+01
2.333390553875075213e+01
2.339680718632412493e+01
2.345941074751284816e+01
2.352139964710277908e+01
2.358365394683611882e+01
2.364740209694500450e+01
2.371140586100147374e+01
2.377549862679467552e+01
2.383962986770186987e+01
2.390281552331225257e+01
2.396535984391802998e+01
2.402798556432853516e+01
2.409131883871339141e+01
2.415309243666548156e+01
2.421571201809608809e+01
2.427764469110958245e+01
2.433919657267655978e+01
2.440052110299766142e+01
2.446186094546909828e+01
2.452346330838935273e+01
2.458369664548946076e+01
2.464414195394975948e+01
2.470387784814858634e+01
2.476408406269025875e+01
2.482324262481287747e+01
2.488252234553332798e+01
2.494222867180451075e+01
2.500129157303916472e+01
2.506181414185294898e+01
2.512113264356270648e+01
2.518004413740212755e+01
2.523979101576430395e+01
2.529800850865039763e+01
2.535759709656799998e+01
2.541598083128928920e+01
2.547357272782922522e+01
2.553236134155114812e+01
2.559032375928945058e+01
2.564895773703924675e+01
2.570685144084413665e+01
2.576544228589412810e+01
2.582404834834466811e+01
2.588350657375102770e+01
2.594201238736124182e+01
2.600029513898424227e+01
2.605755361143775417e+01
2.611492175017910711e+01
2.617273737687850499e+01
2.623230541260713977e+01
2.629221571882373709e+01
2.635301158699351731e+01
2.641317390898005968e+01
2.647310165165448126e+01
2.653562847747850739e+01
2.659668333018139919e+01
2.665880316166145647e+01
2.672144128525252782e+01
2.678328781507093836e+01
2.684486745263327023e+01
2.690770844863865108e+01
2.697059964525572795e+01
2.703364003996318843e+01
2.709681374477225191e+01
2.715976804150741941e+01
2.722229616838817989e+01
2.728443808515915237e+01
2.734609535359309263e+01
2.740807501404750823e+01
2.747136971312206910e+01
2.753637380399392143e+01
2.760031047808536542e+01
2.766460344967356733e+01
2.772977368137557264e+01
2.779396672217804110e+01
2.785975083886232895e+01
2.792494336909257058e+01
2.798955466357788069e+01
2.805232589404674926e+01
2.811580472504189032e+01
2.817884218737055946e+01
2.824226443759311067e+01
2.830681452752107319e+01
2.837074494694964599e+01
2.843395709484429190e+01
2.849566083450759635e+01
2.855895268888483329e+01
2.862270367112306246e+01
2.868541123933304959e+01
2.874854283570581970e+01
2.880989043722211917e+01
2.887250674510024595e+01
2.893482585130822926e+01
2.899609151931817763e+01
2.905778294266568196e+01
2.911981285715739176e+01
2.918200838616978032e+01
2.924455307245933966e+01
2.930601060442281991e+01
2.936786303243446028e+01
2.942913459106779683e+01
2.949196683807584662e+01
2.955576283172350927e+01
2.961960210192306775e+01
2.968120697830437393e+01
2.974293449897495378e+01
2.980456358968582720e+01
2.986806521011908799e+01
2.993123507122959381e+01
2.999455305111694514e+01
3.005887154426039842e+01
3.012265825971515198e+01
3.018529226800701792e+01
3.024604793847643336e+01
3.030674783866244582e+01
3.036811624065427040e+01
3.042934841156952075e+01
3.049007146538790636e+01
3.055163390614186625e+01
3.061407765342123355e+01
3.067648790986845597e+01
3.073796384811009474e+01
3.079893225496491027e+01
3.085659009818256138e+01
3.091483407685373663e+01
3.097285475054531645e+01
3.103030907185283027e+01
3.108882508586884796e+01
3.114639960181118639e+01
3.120437794004817889e+01
3.126099727106775461e+01
3.131876589241096909e+01
3.137722314725808914e+01
3.143613272994443264e+01
3.149687152563961945e+01
3.155498126976384654e+01
3.161339854048237541e+01
3.167107238228061306e+01
3.172855155764341717e+01
3.178491706277245044e+01
3.183948925563960586e+01
3.189570967308093330e+01
3.195287510715064272e+01
3.200763799691301870e+01
3.206203967274378641e+01
3.211484202726688864e+01
3.217000265264935877e+01
3.222365004093740737e+01
3.227675903563164894e+01
3.233236393134480835e+01
3.238711565248063806e+01
3.244290693286262695e+01
3.249941378510433765e+01
3.255606048399341290e+01
3.261359413850737354e+01
3.266910878732650758e+01
3.272469948333073830e+01
3.277981282919418504e+01
3.283651884219340644e+01
3.289218616898656222e+01
3.294640237254269977e+01
3.300083149969317020e+01
3.305527746566153269e+01
3.311025027392514630e+01
3.316766221146261273e+01
3.322401187670959644e+01
3.328031296818182483e+01
3.333701178777223362e+01
3.339343977634054994e+01
3.344887608694286030e+01
3.350349309237758177e+01
3.355864593194306877e+01
3.361404360599185281e+01
3.366856668862356372e+01
3.372345679173938748e+01
3.377831479963855799e+01
3.383153842163962821e+01
3.388543714081011871e+01
3.394027546441941467e+01
3.399408097139986751e+01
3.404763674845766275e+01
3.410046697465567433e+01
3.415212441959542389e+01
3.420345167738074110e+01
3.425491555350098594e+01
3.430539309855247865e+01
3.435673274771703234e+01
3.440630664541763650e+01
3.445665144606559949e+01
3.450681432235172252e+01
3.455726430049924858e+01
3.460945674819506479e+01
3.466101953328796981e+01
3.471273969748636290e+01
3.476243007220086412e+01
3.481352238996943527e+01
3.486439377349805113e+01
3.491584607644521299e+01
3.496675177276382840e+01
3.501735414395579227e+01
3.506880700856361699e+01
3.512101185674509907e+01
3.517450725894128283e+01
3.522575021190055367e+01
3.527770360864307975e+01
3.533144411235191740e+01
3.538376800102863484e+01
3.543586042717002016e+01
3.549030941948778661e+01
3.554376769825958604e+01
3.559604577484680732e+01
3.564860838984886016e+01
3.570223797702901436e+01
3.575569867663193691e+01
3.580714784631107506e+01
3.585965518869358704e+01
3.591264233559919461e+01
3.596565975207318644e+01
3.601793588522656364e+01
3.606880707841238376e+01
3.611871881703861931e+01
3.616932212961425108e+01
3.622227620967179007e+01
3.627445053203160796e+01
3.632676669669263703e+01
3.637859380601318549e+01
3.643065567543159489e+01
3.648151507612509903e+01
3.653276400878888808e+01
3.658557269947702650e+01
3.664041383016212450e+01
3.669599671114551853e+01
3.675167271600563623e+01
3.680909884778049701e+01
3.686647653532639168e+01
3.692337043561200716e+01
3.698082582222676251e+01
3.703715647819152679e+01
3.709357695280065315e+01
3.714976839644096174e+01
3.720582021477798662e+01
3.726090585664088906e+01
3.731597208091064743e+01
3.737013716237145644e+01
3.742404074243849266e+01
3.747838600837384604e+01
3.753120510919753627e+01
3.758446635886762266e+01
3.763691811928229924e+01
3.768930390564541710e+01
3.773958878081002410e+01
3.779159507385833905e+01
3.784250658636221942e+01
3.789251871027492768e+01
3.794243167215422119e+01
3.799238501994761918e+01
3.804240422040673053e+01
3.809070241020985748e+01
3.813980122918088966e+01
3.818819229244340363e+01
3.823588024630246451e+01
3.828331986619044613e+01
3.833002540590829454e+01
3.837835890010170914e+01
3.842902071348953541e+01
3.847825323435942124e+01
3.852799080469101511e+01
3.857863264143882276e+01
3.863011569841481929e+01
3.867973326559532410e+01
3.872907303937405032e+01
3.877908803134691595e+01
3.882939003180076298e+01
3.887986375594694266e+01
3.892913101870556858e+01
3.898005515085589678e+01
3.903196953536606628e+01
3.908423792786149420e+01
3.913532961479380390e+01
3.918740559234601761e+01
3.923751913028684157e+01
3.928657356913078758e+01
3.933414105359302937e+01
3.938130786514891213e+01
3.943056977312254219e+01
3.948064388934803048e+01
3.952955444932815254e+01
3.957599158187994703e+01
3.962101078903273077e+01
3.966874925945455033e+01
3.971755793526742906e+01
3.976718977012068024e+01
3.981770516056486287e+01
3.986611796813743780e+01
3.991518069128601809e+01
3.996427296342083224e+01
4.001444921493946794e+01
4.006216677867003284e+01
4.010926586761898704e+01
4.015664408832108023e+01
4.020307490828647445e+01
4.025064536066062004e+01
4.029975190148173425e+01
4.034838754062815269e+01
4.039549973150345608e+01
4.044297192791196238e+01
4.049095554115636020e+01
4.053912612929419623e+01
4.058703882083597847e+01
4.063598881733056345e+01
4.068374417445633640e+01
4.072958802737372963e+01
4.077643967161679228e+01
4.082243434448056263e+01
4.086812958213873515e+01
4.091527154549496714e+01
4.096094839404997856e+01
4.100753762194164409e+01
4.105530837778333364e+01
4.110164016355081884e+01
4.114792238091447274e+01
4.119371113732035639e+01
4.124195659275871151e+01
4.128786785202481013e+01
4.133280462321355486e+01
4.137819238622606122e+01
4.142471858802048956e+01
4.147208363743229853e+01
4.152134345922279834e+01
4.157134460314490809e+01
4.162047392269757040e+01
4.166869629554494736e+01
4.171917573661173861e+01
4.177092049057895906e+01
4.182280256201991619e+01
4.187318199742042424e+01
4.192317051707994580e+01
4.197262367193391697e+01
4.202326823521163845e+01
4.207595547158055638e+01
4.212916152961751237e+01
4.218254428899884800e+01
4.223441076444897391e+01
4.228737461369609463e+01
4.233963887154819616e+01
4.239444165942779108e+01
4.244858829101061559e+01
4.250124979487946320e+01
4.255505179508380564e+01
4.261116912374925647e+01
4.266797366673488057e+01
4.272340726748775808e+01
4.277854111726523456e+01
4.283246240451948950e+01
4.288701187069823106e+01
4.294160539422187384e+01
4.299837900253900358e+01
4.305659410726666891e+01
4.311427534025656882e+01
4.317367325782950616e+01
4.323141255546798334e+01
4.328901376119453204e+01
4.334898368642392086e+01
4.340771851053276009e+01
4.346474238439409987e+01
4.352175670413850384e+01
4.357866601526211525e+01
4.363698623657597153e+01
4.369589421601026658e+01
4.375406309594918497e+01
4.381304909043223716e+01
4.387296785819184208e+01
4.393125551190397715e+01
4.398827234337333181e+01
4.404707224217359851e+01
4.410485305189573069e+01
4.416310094836444478e+01
4.421915506966846721e+01
4.427764882044449024e+01
4.433398407390991025e+01
4.439270095349818490e+01
4.445244754168376744e+01
4.451193044820992384e+01
4.456936163565751485e+01
4.462583572028754020e+01
4.468166427605814306e+01
4.473889871261783924e+01
4.479706397546961227e+01
4.485591654872587952e+01
4.491543152123093563e+01
4.497537704292826533e+01
4.503281702016189314e+01
4.509121096201972279e+01
4.514924495263503701e+01
4.520686599907529768e+01
4.526392646183951740e+01
4.532263880817988166e+01
4.538045113457899049e+01
4.543882261751326013e+01
4.549848074763812633e+01
4.555974054789080441e+01
4.562069621558306665e+01
4.568194934219719983e+01
4.574432958722781706e+01
4.580579431873083962e+01
4.586881408240064673e+01
4.593325573603569012e+01
4.599796975935338139e+01
4.606412050870166297e+01
4.612861207443787492e+01
4.619563077832380316e+01
4.626284845193132611e+01
4.633013968665505899e+01
4.639637405530612568e+01
4.646120039231970367e+01
4.652481190530556887e+01
4.658788373218756362e+01
4.665262147128933634e+01
4.671586045449507907e+01
4.677979821243081915e+01
4.684571701168019331e+01
4.690817292112704706e+01
4.697174364332348517e+01
4.703616572317460509e+01
4.709965152572947034e+01
4.716224405702111255e+01
4.722600940740167630e+01
4.728784783321358987e+01
4.735213777791734913e+01
4.741414922168629431e+01
4.747800560924149238e+01
4.754087300121801007e+01
4.760521678123664202e+01
4.766878024864534780e+01
4.773198494630127442e+01
4.779639846970876249e+01
4.785980867859326793e+01
4.792175340279386830e+01
4.798495421121418048e+01
4.804747412459017397e+01
4.810929431295289049e+01
4.817141756938291763e+01
4.823229249646573180e+01
4.829328274293170153e+01
4.835309833067262275e+01
4.841359905965000365e+01
4.847247227396499625e+01
4.853309907359987818e+01
4.859156694605074023e+01
4.864990419999747218e+01
4.870913826662827262e+01
4.876808958981821007e+01
4.882665365588955808e+01
4.888502888406278402e+01
4.894481156682777367e+01
4.900455713722875828e+01
4.906432688525809027e+01
4.912658678859585848e+01
4.919002058943156186e+01
4.925228612654443339e+01
4.931329706074176755e+01
4.937284955723463753e+01
4.943087587974117980e+01
4.949250616374739309e+01
4.955521693941744843e+01
4.961687337801176767e+01
4.967776961813513026e+01
4.973578084295415636e+01
4.979262084731572457e+01
4.984943617711039110e+01
4.990484104010254640e+01
4.995840864886508825e+01
5.001232506331476912e+01
5.006601914911043139e+01
5.012131931340753255e+01
5.017500585906776678e+01
5.022887326109605510e+01
5.028074510239179773e+01
5.033254748619643237e+01
5.038340584935748723e+01
5.043556326639165377e+01
5.048747170000866902e+01
5.053896929362205981e+01
5.058989319501748128e+01
5.064058590990673991e+01
5.069023497181950688e+01
5.073876115220478766e+01
5.078654221610865704e+01
5.083501520985748101e+01
5.088544053667624212e+01
5.093616661276666235e+01
5.098728930306100438e+01
5.103832622185977641e+01
5.109128357143296739e+01
5.114232688161558826e+01
5.119239000013780583e+01
5.124343509822410425e+01
5.129424472405523261e+01
5.134351557726901660e+01
5.139422015831307533e+01
5.144601437968955793e+01
5.149841328503021742e+01
5.155054959059166464e+01
5.160425634224520763e+01
5.165811089007477364e+01
5.171294928040304484e+01
5.176912827029723019e+01
5.182367661208841980e+01
5.187781441189434162e+01
5.193467283620820041e+01
5.198903154422547601e+01
5.204308269964528222e+01
5.209791050339300966e+01
5.215396231611084943e+01
5.221099103972991884e+01
5.226809989299302828e+01
5.232406004341671490e+01
5.238008660488497981e+01
5.243706308007909200e+01
5.249388912951561537e+01
5.255046103649988254e+01
5.260885169024589914e+01
5.266629776298650967e+01
5.272280363711939799e+01
5.277839508743168295e+01
5.283295434016493886e+01
5.288731676073745547e+01
5.294109310247410605e+01
5.299499990612134326e+01
5.304615667025967696e+01
5.309569979447192623e+01
5.314837842839203574e+01
5.320088607968016703e+01
5.325405614153595479e+01
5.330953073087469107e+01
5.336316798332615008e+01
5.341578971870293202e+01
5.346769173003612252e+01
5.351882816484440752e+01
5.356705799443821547e+01
5.361860779709867586e+01
5.367069557345754305e+01
5.372313153750968695e+01
5.377350695844007333e+01
5.382508765853597765e+01
5.387604953644351014e+01
5.392505420692688034e+01
5.397534262690698625e+01
5.402453818936746899e+01
5.407082329449273317e+01
5.412008379494726995e+01
5.416864209918451678e+01
5.422011661383927361e+01
5.427348901698930206e+01
5.432519656630977778e+01
5.437480840459264897e+01
5.442280360072579981e+01
5.447118543084233266e+01
5.452041073380146941e+01
5.456884882410465565e+01
5.461595328332143851e+01
5.466202980330406547e+01
5.470799389268925950e+01
5.475423606252271469e+01
5.480041418688669808e+01
5.484476618441384232e+01
5.489039661101745082e+01
5.493865648382928413e+01
5.498497178227270865e+01
5.503186102340688990e+01
5.507782606529780622e+01
5.512294773554067007e+01
5.517162775455565793e+01
5.521954336736371971e+01
5.526742266537527826e+01
5.531558633174716988e+01
5.536182338821564741e+01
5.540758123260955159e+01
5.545477610406916824e+01
5.550189866809375161e+01
5.554697561107506942e+01
5.559500530930742457e+01
5.564240300607953316e+01
5.569227584357870597e+01
5.574177021189155568e+01
5.579009406733185017e+01
5.583764545267663948e+01
5.588527707760154328e+01
5.593286930018913239e+01
5.598065028085172656e+01
5.602805233074970914e+01
5.607617790377364031e+01
5.612532475030418055e+01
5.617421740163484145e+01
5.622133023708175870e+01
5.626792477651856217e+01
5.631495373844468588e+01
5.636315287254831219e+01
5.641145332477504581e+01
5.645845036535509820e+01
5.650562978854067353e+01
5.655332198377293906e+01
5.660300671268942097e+01
5.665022979888147603e+01
5.669919894805671134e+01
5.674618526512541195e+01
5.679418745096167953e+01
5.684025975637236172e+01
5.688730846267876018e+01
5.693167786133536623e+01
5.697556354145137902e+01
5.701930438234803233e+01
5.706345102018776316e+01
5.710575076359082658e+01
5.714821489053147729e+01
5.719120961232851386e+01
5.723389359667887533e+01
5.727296438029633663e+01
5.731697549666392177e+01
5.735981467966031744e+01
5.740167242057809460e+01
5.744612115371467809e+01
5.749038222168489654e+01
5.753810052347011350e+01
5.758412932316031174e+01
5.762922148885340334e+01
5.767628436346581111e+01
5.772162130035992789e+01
5.776743730103058994e+01
5.781398001508835449e+01
5.785565902332140809e+01
5.790132016004540816e+01
5.794640249363228435e+01
5.798930595607131266e+01
5.803249831201043207e+01
5.807553049535190581e+01
5.811909451204459742e+01
5.816057993065491161e+01
5.820491346970811009e+01
5.825007346279810605e+01
5.829739673045097703e+01
5.834380578781199489e+01
5.838989582130911060e+01
5.843815026347559893e+01
5.848294151675803931e+01
5.853046312112824268e+01
5.857739258031018892e+01
5.862566064627827700e+01
5.867090263326056032e+01
5.871665244809192785e+01
5.876344149832213759e+01
5.881039469817616805e+01
5.885630416158534928e+01
5.890294220864972630e+01
5.895053870358916015e+01
5.899818356938061470e+01
5.904651726519878707e+01
5.909167262772596985e+01
5.913544372905139568e+01
5.918002027010882671e+01
5.922636406078814986e+01
5.927141777979199588e+01
5.931657068580560122e+01
5.936132067083234887e+01
5.940453708265960842e+01
5.945033508858641369e+01
5.949726956854181026e+01
5.954555845586209273e+01
5.959336300745433590e+01
5.964198797591806311e+01
5.969126667939706010e+01
5.974068365221994981e+01
5.978808002296747759e+01
5.983427322369053769e+01
5.988232602679202188e+01
5.993061999843769172e+01
5.997904364968683666e+01
6.002837356873626362e+01
6.007581195410057262e+01
6.012601529531978883e+01
6.017733914265542694e+01
6.023160543611857065e+01
6.028466750904478033e+01
6.033529039067856559e+01
6.038544136121066686e+01
6.043723921753369410e+01
6.048843949269542719e+01
6.054046246550366561e+01
6.059232040728063140e+01
6.064457148278800958e+01
6.069791934057546712e+01
6.075077073450677290e+01
6.080534959663723527e+01
6.086105708544648252e+01
6.091515438048091369e+01
6.096705819479206667e+01
6.102127463188735135e+01
6.107360541316525371e+01
6.112704720452555307e+01
6.118012794505897745e+01
6.123429928694161362e+01
6.128769253289965491e+01
6.134014449072151365e+01
6.139282813153887730e+01
6.144736240941271177e+01
6.150059571985500639e+01
6.155309709210433056e+01
6.160972820671667449e+01
6.166581783699942321e+01
6.172108151788437880e+01
6.177527466558263569e+01
6.182915457311444385e+01
6.188338966335432900e+01
6.193541097815052865e+01
6.198881852603172860e+01
6.203939851521475646e+01
6.209015754755161964e+01
6.213944858283531403e+01
6.218853515148705213e+01
6.223725362154998209e+01
6.228660280689883422e+01
6.233681058357611704e+01
6.238457646726561734e+01
6.243246084252157857e+01
6.248149871255459686e+01
6.252994656698815845e+01
6.258110134776664069e+01
6.263496991982569995e+01
6.269134136362543330e+01
6.274808009145234422e+01
6.280340408712817890e+01
6.286077584749155278e+01
6.291654643886138842e+01
6.297247380789399784e+01
6.302882663263410734e+01
6.308301405369773107e+01
6.313607977349083455e+01
6.318807822144501785e+01
6.323778718604906146e+01
6.328674825164058149e+01
6.333744228653106489e+01
6.338815647281817434e+01
6.343839461043494765e+01
6.348928685759723578e+01
6.353889626080905373e+01
6.358766558854806306e+01
6.363556257860091137e+01
6.368386357778759788e+01
6.373039071543345813e+01
6.377809036304581269e+01
6.382630411144781846e+01
6.387576896083599109e+01
6.392545418054632478e+01
6.397682451052973818e+01
6.402947653126194894e+01
6.408235136365294693e+01
6.413532269109494166e+01
6.418771095372702007e+01
6.423804833983331264e+01
6.429070015797057636e+01
6.434350632574715689e+01
6.439959049848120287e+01
6.445202147265705150e+01
6.450380353271694389e+01
6.455618916272725016e+01
6.460796618498129362e+01
6.465831971086498697e+01
6.471047750447159785e+01
6.476105869915009805e+01
6.481506549751512125e+01
6.486872711699389527e+01
6.492282583932383488e+01
6.497382338526486478e+01
6.502678752455729239e+01
6.508111196612618699e+01
6.513548194627172450e+01
6.519149636328801023e+01
6.524584130118518033e+01
6.529939735851124283e+01
6.535310892148164896e+01
6.540412151521417172e+01
6.545522855927119110e+01
6.550794418967119270e+01
6.555924622345884245e+01
6.561027652402501076e+01
6.565998616925050158e+01
6.571071468821207873e+01
6.575962604272730516e+01
6.581102330055605876e+01
6.586058297970498643e+01
6.591078393436124827e+01
6.596323658290107517e+01
6.601597364503113852e+01
6.606862219905970335e+01
6.612086310830018476e+01
6.617573031589414256e+01
6.623246110340247128e+01
6.628915554404697730e+01
6.634484679330626022e+01
6.639823595000724765e+01
6.645316991488147096e+01
6.650527330375641100e+01
6.655569089732458110e+01
6.660745970721205822e+01
6.665676799551280851e+01
6.670275375958306086e+01
6.674892413241812505e+01
6.679456117004103533e+01
6.683763386529142281e+01
6.687949274279735334e+01
6.692122846810092085e+01
6.696081665290061835e+01
6.699974422036608246e+01
6.703902009787857708e+01
6.708271024802394322e+01
6.712440028071648612e+01
6.716647620875554026e+01
6.720899328620618007e+01
6.725070759053228642e+01
6.729572287122660157e+01
6.734015278017649564e+01
6.738405281365395183e+01
6.742748046923350103e+01
6.746938497151650438e+01
6.751080896823107480e+01
6.755242858160963237e+01
6.759589294383894753e+01
6.764110893128085422e+01
6.768643072607667932e+01
6.773052556263195356e+01
6.777401563842421695e+01
6.781793864306240494e+01
6.786434582470755572e+01
6.791170848311797670e+01
6.795800137718909184e+01
6.800515369036111224e+01
6.805388733568712212e+01
6.810397891172146956e+01
6.815413431129202593e+01
6.820307694577454072e+01
6.824878920923252679e+01
6.829674399002021801e+01
6.834005156984943596e+01
6.838506957885583404e+01
6.843142082236815327e+01
6.848087387694756956e+01
6.853162432381775204e+01
6.857926737539297335e+01
6.862620865297378714e+01
6.867370899296389553e+01
6.872091506347030077e+01
6.876839863045709933e+01
6.881554101311945715e+01
6.886526697068885028e+01
6.891426684792267565e+01
6.896138527326075973e+01
6.900697435230931376e+01
6.905636432906290167e+01
6.910954994491942216e+01
6.916078367420682582e+01
6.921099528645513033e+01
6.926271379135245354e+01
6.931260383449007634e+01
6.936116898110660145e+01
6.940838256169345755e+01
6.945254311341429343e+01
6.949505669978515243e+01
6.954213793323967252e+01
6.958891489766382676e+01
6.963599610583851529e+01
6.968212678892645329e+01
6.973128565140363833e+01
6.978103712008073956e+01
6.983211302428175316e+01
6.988188554996314394e+01
6.992795428332871666e+01
6.997505396551375156e+01
7.002444464677007829e+01
7.007392910360434257e+01
7.011992783696420872e+01
7.016457556472525425e+01
7.020891949599023008e+01
7.025357193890981478e+01
7.029919799786077306e+01
7.034220548713342680e+01
7.038381443818983030e+01
7.042475600762767840e+01
7.046514381420639950e+01
7.050614027377608295e+01
7.054560669340335721e+01
7.058597932655311524e+01
7.062632252137093758e+01
7.066552545487094505e+01
7.070522459123253611e+01
7.074222538718103692e+01
7.078118665783976837e+01
7.082317456031250913e+01
7.086605264321572406e+01
7.090920661682530124e+01
7.095331847045024176e+01
7.099865378936242166e+01
7.104372078103348542e+01
7.108753174759134197e+01
7.112886297580352846e+01
7.117137830578163005e+01
7.121842337361398734e+01
7.126326208709880916e+01
7.130915845583865575e+01
7.135365595729022914e+01
7.139984826216496572e+01
7.144619443593435903e+01
7.149416097787172930e+01
7.154149431392418990e+01
7.159393918346742680e+01
7.164815405274023874e+01
7.169981293302348035e+01
7.175242419096440472e+01
7.180181151351114011e+01
7.185230863912350685e+01
7.190419576701495430e+01
7.195830907755659211e+01
7.200895622903037463e+01
7.205879771947934387e+01
7.211081391641049265e+01
7.216668262449179849e+01
7.221751128770748096e+01
7.226733577044302592e+01
7.231601696166809745e+01
7.236835822732426493e+01
7.242127080418312346e+01
7.247672338393782354e+01
7.253229714105464154e+01
7.259149891516813113e+01
7.264801860998764482e+01
7.270612211542379555e+01
7.276475112712370219e+01
7.282200934167644846e+01
7.287863806783364851e+01
7.293487978132840510e+01
7.299214925745054927e+01
7.304645350624791433e+01
7.310032829579421332e+01
7.315455683668093911e+01
7.320736583546383258e+01
7.325931852529640764e+01
7.331636511587521454e+01
7.337316603961592421e+01
7.342761544617459890e+01
7.348376253040113681e+01
7.354086754383475011e+01
7.359595701865505646e+01
7.364576930948695122e+01
7.369657931923320859e+01
7.374790150719012161e+01
7.380241545163741534e+01
7.385680246409869198e+01
7.391047785286829708e+01
7.396228780070016740e+01
7.401508315605391886e+01
7.406803673043398817e+01
7.411921126645340507e+01
7.417378481913434030e+01
7.422721195235030223e+01
7.428150755820044537e+01
7.433419917561381851e+01
7.438725182858736673e+01
7.443942604786435879e+01
7.449145417276801595e+01
7.454156220320830073e+01
7.458766170012347629e+01
7.463478023299791175e+01
7.468194547834995944e+01
7.472772792133740438e+01
7.477271339235598191e+01
7.482047699260944285e+01
7.487130062651191054e+01
7.492156076788123187e+01
7.497028801070999293e+01
7.501975564849735179e+01
7.506870182418272464e+01
7.511950665240848934e+01
7.517320637799042515e+01
7.522976103176929996e+01
7.528756225608164243e+01
7.534351374203308183e+01
7.540111261982873714e+01
7.545841455377531304e+01
7.551837000558052182e+01
7.558158143338101809e+01
7.564571465294105224e+01
7.570940531663943318e+01
7.577184673177320917e+01
7.583462052320881241e+01
7.589756621405354053e+01
7.596100746974147455e+01
7.602782715916276857e+01
7.609232708645102150e+01
7.615753916146553593e+01
7.622112041008004724e+01
7.628710136317002366e+01
7.635097269645110885e+01
7.641400975264684803e+01
7.647847987139475379e+01
7.654186276210965900e+01
7.660633388272172795e+01
7.667391266614997392e+01
7.674052787721483071e+01
7.680839203734184650e+01
7.687885443575800082e+01
7.694702215992211336e+01
7.701424845572995537e+01
7.708278713886559785e+01
7.715705682230883156e+01
7.723417958757346469e+01
7.730951572066112476e+01
7.738479430981540474e+01
7.745479290387503113e+01
7.752724571843971546e+01
7.759590846203754211e+01
7.766548477608994006e+01
7.773453065955752095e+01
7.780568612207761703e+01
7.787523503606279007e+01
7.794216705874445950e+01
7.800609913676950669e+01
7.807245928513313515e+01
7.814075841564772418e+01
7.820793524442981948e+01
7.827823380066519121e+01
7.834602762212233529e+01
7.841692852799029367e+01
7.848689665853143538e+01
7.855879981800185874e+01
7.863116440948301999e+01
7.870176561995037900e+01
7.876926743801162445e+01
7.883594233376922489e+01
7.890204007276413734e+01
7.896820359727321659e+01
7.903065279922715547e+01
7.909238057434917835e+01
7.915526788623655818e+01
7.922061792098220678e+01
7.928363439490247799e+01
7.935063361386826841e+01
7.941701399201922129e+01
7.948322592025193956e+01
7.954721077051794964e+01
7.960791300718183550e+01
7.967142540255274241e+01
7.973240481253363043e+01
7.979239063028329326e+01
7.985394106368178768e+01
7.991604765914000552e+01
7.997902733729583247e+01
8.004040370698426443e+01
8.010420382308734588e+01
8.016932154665987298e+01
8.023387187453413105e+01
8.029383669674105306e+01
8.035155909116764406e+01
8.040952193819839522e+01
8.046726328500503200e+01
8.052309528760105195e+01
8.057956710037267101e+01
8.063831319583117363e+01
8.070074953674637186e+01
8.075837727498281993e+01
8.081839247271430793e+01
8.087615563645117334e+01
8.093309419414262607e+01
8.098882336183768871e+01
8.105043530705928845e+01
8.111282538005643516e+01
8.117290570870407862e+01
8.123148426659612653e+01
8.128620512502338613e+01
8.134445287142111169e+01
8.140067464682940113e+01
8.145797415709019162e+01
8.151647859882943692e+01
8.157145860352726174e+01
8.162411541581438712e+01
8.167861653235780750e+01
8.173456553936252078e+01
8.178898527654611428e+01
8.184727681721454928e+01
8.190251416874333756e+01
8.195874127455809344e+01
8.201605775145372945e+01
8.207505526638155402e+01
8.214183145325931434e+01
8.220447785989334477e+01
8.226511531252238285e+01
8.232514841986595400e+01
8.238275249320008697e+01
8.243956722470061038e+01
8.249882806766461840e+01
8.255877665264823406e+01
8.261848444385168477e+01
8.267715365956259177e+01
8.273554301743902784e+01
8.279476830660973974e+01
8.285077229871086502e+01
8.290795706254459674e+01
8.296408971394727416e+01
8.301914118560841871e+01
8.307606784450641157e+01
8.313053445413272868e+01
8.318590978816261838e+01
8.324162837898330736e+01
8.329612100543113229e+01
8.335081215548818534e+01
8.340385192073944154e+01
8.345429031648214391e+01
8.350482394836137701e+01
8.355070942676714196e+01
8.359812340972823108e+01
8.364973030818372024e+01
8.370272575521961755e+01
8.375170260455669791e+01
8.380597966607817284e+01
8.386101425117087160e+01
8.391346459731445862e+01
8.396949893646163332e+01
8.402802196421227166e+01
8.408098168629635438e+01
8.413619716534532245e+01
8.419458813946511100e+01
8.425360058055748880e+01
8.431218490783878394e+01
8.437350908613238687e+01
8.443413779006102970e+01
8.449065706114883767e+01
8.454485890442074947e+01
8.461068302081957881e+01
8.467780725672842834e+01
8.474078341122280733e+01
8.480266650797747729e+01
8.486482905525662090e+01
8.493051438041054269e+01
8.498893613137651926e+01
8.504801774230843137e+01
8.510750513552034136e+01
8.516535113006314361e+01
8.522406259188835520e+01
8.528516597089974027e+01
8.534541204473592302e+01
8.540776888117196108e+01
8.547035167208264284e+01
8.553257769442053871e+01
8.559635467148059718e+01
8.565768056108477424e+01
8.572204921628734553e+01
8.578641051019998542e+01
8.584826825122826222e+01
8.591099010832681415e+01
8.597284103375126563e+01
8.603640732295112059e+01
8.609934361653304791e+01
8.616339305352850886e+01
8.622932835489261549e+01
8.629415208832594431e+01
8.635788851950277945e+01
8.642464020129413882e+01
8.649164494304773143e+01
8.655886421946136977e+01
8.662431357337911209e+01
8.668889012460270749e+01
8.675550176495626431e+01
8.682254711467240327e+01
8.688953559093835111e+01
8.695632221519292671e+01
8.702253036492763272e+01
8.708908459437864735e+01
8.715530195027477589e+01
8.722203242513855059e+01
8.728872430518804038e+01
8.735746511944773829e+01
8.742752115326617002e+01
8.750021165665853573e+01
8.757174119226171172e+01
8.764392528799308479e+01
8.771756789947357902e+01
8.778863831177204702e+01
8.785869649742694776e+01
8.792802419451538753e+01
8.799722557302494863e+01
8.806718663299351135e+01
8.813867529960512570e+01
8.820927133516781282e+01
8.827834817894128605e+01
8.835143721122763338e+01
8.842579766984272283e+01
8.850159956458102783e+01
8.857803898943767251e+01
8.865531542562497691e+01
8.873006996192282259e+01
8.880675230576372314e+01
8.888665320347993770e+01
8.896438076492376013e+01
8.904300603302674233e+01
8.912268265674676115e+01
8.920571304023880543e+01
8.928304941450626586e+01
8.936070393888759611e+01
8.943882278073525072e+01
8.951467476579645677e+01
8.958788595287468581e+01
8.965922971211873005e+01
8.973308496601606521e+01
8.981070315781700231e+01
8.988875043826683964e+01
8.996903341793830577e+01
9.004612713685193626e+01
9.012586902176754222e+01
9.020579587817681499e+01
9.028565989456963337e+01
9.036729044739951178e+01
9.044721871240992073e+01
9.052878983556547610e+01
9.060594936048140369e+01
9.068638050186835642e+01
9.076770116728914672e+01
9.085224668903389045e+01
9.093464869863424838e+01
9.101773647734817985e+01
9.109890147053305043e+01
9.117795625072723453e+01
9.125586710174042082e+01
9.133352827122307360e+01
9.141260869662238520e+01
9.149475401075507364e+01
9.157678243768627624e+01
9.165390562012203191e+01
9.172993991154629612e+01
9.180391528110939703e+01
9.187968121231716623e+01
9.195686040679905204e+01
9.203432133360041689e+01
9.211005428677566442e+01
9.218813084803950630e+01
9.226717073924822898e+01
9.234550100488181101e+01
9.242126353059053656e+01
9.249517704712492616e+01
9.257054104197720790e+01
9.264347579936908517e+01
9.271616515529542824e+01
9.278950413090579730e+01
9.286319753043996172e+01
9.293608326665672337e+01
9.300459074556263772e+01
9.307242264283306099e+01
9.313692623802045034e+01
9.320151239948282296e+01
9.326911505042103556e+01
9.333716335343919468e+01
9.340729937846354858e+01
9.347829358206986683e+01
9.354616166983051073e+01
9.361118438829387856e+01
9.367657555444745299e+01
9.374000245278341481e+01
9.380328044537857579e+01
9.386659434005261460e+01
9.392743183011961605e+01
9.399020801260168412e+01
9.405442823918855311e+01
9.411618522431388101e+01
9.417574841871940805e+01
9.423680382395785671e+01
9.429361761996851499e+01
9.435443065310035138e+01
9.441524096355472295e+01
9.447959194318990228e+01
9.454347134336619263e+01
9.460340464321089371e+01
9.466261281473887834e+01
9.472166801596809194e+01
9.478393940530361306e+01
9.484498955278515098e+01
9.491065944448263281e+01
9.497441236543815535e+01
9.503985513913963246e+01
9.510041037622163174e+01
9.516529579054126486e+01
9.523178956903016967e+01
9.529740188484585417e+01
9.536414540148041397e+01
9.543034358245157023e+01
9.549670516392713182e+01
9.555955556861533751e+01
9.562646615324167954e+01
9.569131165414478346e+01
9.574923222541777079e+01
9.580851126525580241e+01
9.586784116430112590e+01
9.592811297437060603e+01
9.598851223567886848e+01
9.604968002094399537e+01
9.611283129712059292e+01
9.617532447702227216e+01
9.623667378465877675e+01
9.629448597914824859e+01
9.635337396547446076e+01
9.641642802818107327e+01
9.647403995967228241e+01
9.652738447520933107e+01
9.658018551776812899e+01
9.662926677858983737e+01
9.667907308169142766e+01
9.673026915756592814e+01
9.678319629402822954e+01
9.683866505340678543e+01
9.689692571243136854e+01
9.695466381457350735e+01
9.701536705253562332e+01
9.707810184802303866e+01
9.713465353653265311e+01
9.719004615302506522e+01
9.724612175616393017e+01
9.730031787235071761e+01
9.735326027871847998e+01
9.740968285566971474e+01
9.746629295698514284e+01
9.752236340808951809e+01
9.757893459676073178e+01
9.763280416098255898e+01
9.768774872179838553e+01
9.774167338165000274e+01
9.779437712409949768e+01
9.785036717791415128e+01
9.790444758349963195e+01
9.795654098581805158e+01
9.801180572012899006e+01
9.806477533396495971e+01
9.811315242300223360e+01
9.816298133532330894e+01
9.821291871969249598e+01
9.826069032597470709e+01
9.830844536469324169e+01
9.836089275050078129e+01
9.841371876358330439e+01
9.846457433019168093e+01
9.851514101434005966e+01
9.856628545728734991e+01
9.862170426713132088e+01
9.868230403057674494e+01
9.874106714482876157e+01
9.880166255138568943e+01
9.886444252952490785e+01
9.892836718136744878e+01
9.899118486225179936e+01
9.905454711563666592e+01
9.911731019459172387e+01
9.918005250016145169e+01
9.924224164327341668e+01
9.930856847311522984e+01
9.937863127059563340e+01
9.944995075842646770e+01
9.951860877528048377e+01
9.958686552888426036e+01
9.965475682653554657e+01
9.972390605779898465e+01
9.979335315273993956e+01
9.986789751806792026e+01
9.993940473313998041e+01
1.000134356779683031e+02
1.000863244782127595e+02
1.001611778962851815e+02
1.002341858912448771e+02
1.003093130188523503e+02
1.003853597298717943e+02
1.004592814440851214e+02
1.005343097407507855e+02
1.006049190961443998e+02
1.006739134627032684e+02
1.007421651068056576e+02
1.008084502821821360e+02
1.008735981186905235e+02
1.009386059874882022e+02
1.010042274151509787e+02
1.010720252056880497e+02
1.011384434323796171e+02
1.012050197344675979e+02
1.012684919406649726e+02
1.013355410351298929e+02
1.014044788261045795e+02
1.014724581684415341e+02
1.015401952527224694e+02
1.016040399213270149e+02
1.016712827832305379e+02
1.017399352675278834e+02
1.018044833605352295e+02
1.018703934564949378e+02
1.019335085257606153e+02
1.019973523816779846e+02
1.020626594779632654e+02
1.021234412773822839e+02
1.021847012404776081e+02
1.022404409908777581e+02
1.023016326823779281e+02
1.023614383772547427e+02
1.024195638828933568e+02
1.024787183912768000e+02
1.025368349761212272e+02
1.025913122839978797e+02
1.026464168157254022e+02
1.027027669280409157e+02
1.027570852027408961e+02
1.028124435031034523e+02
1.028714143254637747e+02
1.029276378590392795e+02
1.029844188073321618e+02
1.030423508277865068e+02
1.030978935132091436e+02
1.031506248210748709e+02
1.032036134374096576e+02
1.032587300137376616e+02
1.033140202404228631e+02
1.033715113247075408e+02
1.034317742366556274e+02
1.034914575513706154e+02
1.035503787433755178e+02
1.036155173601992772e+02
1.036827451000631442e+02
1.037481604159494140e+02
1.038128317281820046e+02
1.038811758091737545e+02
1.039513307469220820e+02
1.040204347791796806e+02
1.040920561772167048e+02
1.041608040841276193e+02
1.042275418379919216e+02
1.042963805490478819e+02
1.043624888349713729e+02
1.044293037970580542e+02
1.044992689476588765e+02
1.045705776226552217e+02
1.046420322354490793e+02
1.047147138681047238e+02
1.047869488090163372e+02
1.048602969659487059e+02
1.049331933058774098e+02
1.050119108754487485e+02
1.050907354198758128e+02
1.051635211207558598e+02
1.052344686918072512e+02
1.053038106271170022e+02
1.053709279877027427e+02
1.054441968819243272e+02
1.055113373765600926e+02
1.055795528059801285e+02
1.056444069915288679e+02
1.057160295216446713e+02
1.057874019924304747e+02
1.058644922422874828e+02
1.059395084449221969e+02
1.060150560724889459e+02
1.060927797892285156e+02
1.061681797498864341e+02
1.062459238007101021e+02
1.063247593759886769e+02
1.064065195112705737e+02
1.064865955449712800e+02
1.065649921142428127e+02
1.066464018089490366e+02
1.067206982491150313e+02
1.067991161819599455e+02
1.068826732381173628e+02
1.069664557085737471e+02
1.070469699763918214e+02
1.071276040245364953e+02
1.072086196482976135e+02
1.072905902440430879e+02
1.073728151993059754e+02
1.074586813423506868e+02
1.075430926908446736e+02
1.076331533849557331e+02
1.077238466268523922e+02
1.078161840876433928e+02
1.079064721880547069e+02
1.079908762137357883e+02
1.080757831979774295e+02
1.081656813192424664e+02
1.082506417220187842e+02
1.083333383609120233e+02
1.084174224979622352e+02
1.085009713593848915e+02
1.085883393885400920e+02
1.086770083463977841e+02
1.087666428700015189e+02
1.088602412845435623e+02
1.089554968811909532e+02
1.090492997185211692e+02
1.091463334205052860e+02
1.092425192697916714e+02
1.093364602856680250e+02
1.094312022469189145e+02
1.095227779623616726e+02
1.096149698179812333e+02
1.097074970632678372e+02
1.097977937179244634e+02
1.098889182683834917e+02
1.099858957707452163e+02
1.100843782886002060e+02
1.101808829190500063e+02
1.102753884892376703e+02
1.103758290978275198e+02
1.104740178897376239e+02
1.105733595238432798e+02
1.106745698687039265e+02
1.107733508592656477e+02
1.108726158185141912e+02
1.109753321535258408e+02
1.110735411894838620e+02
1.111732282374292566e+02
1.112710925920384000e+02
1.113726004886950278e+02
1.114751170005185941e+02
1.115749306432800267e+02
1.116771821147381729e+02
1.117792364612201368e+02
1.118801709140983718e+02
1.119751793851224022e+02
1.120702589688257831e+02
1.121636331572017724e+02
1.122581606606831457e+02
1.123507349577583199e+02
1.124447076549948008e+02
1.125399860072570988e+02
1.126379872497910242e+02
1.127340243980172261e+02
1.128340537666427394e+02
1.129333459560011903e+02
1.130305705425022182e+02
1.131260419879664596e+02
1.132181027727683045e+02
1.133064966267945266e+02
1.133988598701559596e+02
1.134929935182698983e+02
1.135871644509517893e+02
1.136870577969932015e+02
1.137869099596538689e+02
1.138907200849472900e+02
1.139907803820015744e+02
1.140884617780897514e+02
1.141891862607978680e+02
1.142846951373525854e+02
1.143777665539208641e+02
1.144737169291434924e+02
1.145702277833544116e+02
1.146674325823884288e+02
1.147655207970317974e+02
1.148632485423161569e+02
1.149624463583585765e+02
1.150614719544722107e+02
1.151607107523473985e+02
1.152624395944679065e+02
1.153635825424239982e+02
1.154650723206801217e+02
1.155602876276148550e+02
1.156557460525497163e+02
1.157527700393307128e+02
1.158506311006764378e+02
1.159489773295822630e+02
1.160484238122029126e+02
1.161517256804277451e+02
1.162585774212038245e+02
1.163664413511508116e+02
1.164744782128628344e+02
1.165838607072725210e+02
1.166968101470405088e+02
1.168075235087125492e+02
1.169205093951268850e+02
1.170285624328853515e+02
1.171373142011433970e+02
1.172430443524814336e+02
1.173525341866272953e+02
1.174605550957439277e+02
1.175722633785734672e+02
1.176819873149577091e+02
1.177939626222848233e+02
1.179022567456799919e+02
1.180142341460867215e+02
1.181274980170288842e+02
1.182422515583723452e+02
1.183631565729366457e+02
1.184851435805996829e+02
1.186056190380826223e+02
1.187240649243706514e+02
1.188497795144191258e+02
1.189763437878018379e+02
1.191042977392719990e+02
1.192330100290714938e+02
1.193653258511144912e+02
1.195021581651432143e+02
1.196399478923261910e+02
1.197782403823480308e+02
1.199208334139803753e+02
1.200593592804043226e+02
1.202025867476657766e+02
1.203465168022972875e+02
1.204879645723662946e+02
1.206282092179466900e+02
1.207672571320636621e+02
1.209034169981983240e+02
1.210409943370691508e+02
1.211766998469878018e+02
1.213140451528776822e+02
1.214523668965863266e+02
1.215935884142644881e+02
1.217352066961040578e+02
1.218769168247988688e+02
1.220171526068770618e+02
1.221530534255930149e+02
1.222878079859368370e+02
1.224299739479801445e+02
1.225764235015188746e+02
1.227234391683859940e+02
1.228690549869055957e+02
1.230166533676280380e+02
1.231613552863804983e+02
1.233047097694205831e+02
1.234532300278499832e+02
1.235997645773208831e+02
1.237410274287660314e+02
1.238876332574342740e+02
1.240358379295871316e+02
1.241841078682785735e+02
1.243351617469546397e+02
1.244941410852588746e+02
1.246533422293185538e+02
1.248158273649768404e+02
1.249774093836277729e+02
1.251371154952789766e+02
1.252994724385519021e+02
1.254593689513172450e+02
1.256182223030928924e+02
1.257709392603435248e+02
1.259247791170677857e+02
1.260812698524871394e+02
1.262359247197637018e+02
1.263855966324238835e+02
1.265333483356075135e+02
1.266822192328413195e+02
1.268319804744635206e+02
1.269772815438585667e+02
1.271192603245861363e+02
1.272583243000039488e+02
1.274007797012604044e+02
1.275420807004129102e+02
1.276838038186127307e+02
1.278265968225504992e+02
1.279707367230943333e+02
1.281125787308919826e+02
1.282602872945449803e+02
1.284053018774632164e+02
1.285460860080043233e+02
1.286837701837871748e+02
1.288240983785364620e+02
1.289557076496181764e+02
1.290904887687933638e+02
1.292224709480090894e+02
1.293548238646271500e+02
1.294906712603677761e+02
1.296302399427064813e+02
1.297669732517766761e+02
1.298974536652703478e+02
1.300279430054254419e+02
1.301562429734973421e+02
1.302865746636470590e+02
1.304160286578333796e+02
1.305510290392201114e+02
1.306859609461584739e+02
1.308221370316100831e+02
1.309548089780441558e+02
1.310869180102534131e+02
1.312142607853388370e+02
1.313438577541565166e+02
1.314689726516256485e+02
1.315933468314458423e+02
1.317122070410972015e+02
1.318264996698567586e+02
1.319403975746305946e+02
1.320571376962103898e+02
1.321788205591930989e+02
1.322966173715871037e+02
1.324178315313747305e+02
1.325347451664008815e+02
1.326505058942152004e+02
1.327699114176959085e+02
1.328890719259887305e+02
1.330079643335328683e+02
1.331270053308255115e+02
1.332467715635566208e+02
1.333654707087368081e+02
1.334789521829771672e+02
1.335944821478006475e+02
1.337153929472952996e+02
1.338317432718030773e+02
1.339506975706044045e+02
1.340712761145701677e+02
1.341928012928102021e+02
1.343125864217870742e+02
1.344404556563362689e+02
1.345699591095970220e+02
1.346991804607142171e+02
1.348264611693599875e+02
1.349562014315965257e+02
1.350879621333148748e+02
1.352219557613864822e+02
1.353599583336539354e+02
1.355054733882080882e+02
1.356468951466524970e+02
1.357895499031985764e+02
1.359326436635612083e+02
1.360727652480086931e+02
1.362124445614012700e+02
1.363571990267507488e+02
1.365004076400007023e+02
1.366431148635432749e+02
1.367812795971344713e+02
1.369191490681285472e+02
1.370543120750823789e+02
1.371918657461507109e+02
1.373368919851003511e+02
1.374837805436634142e+02
1.376279659003718052e+02
1.377691361046485099e+02
1.379093452738083840e+02
1.380488906496437380e+02
1.381949409004053280e+02
1.383389551036013358e+02
1.384890493750298219e+02
1.386352332531697868e+02
1.387807248906787834e+02
1.389234632537851439e+02
1.390684718228597774e+02
1.392091422713977806e+02
1.393495753981628411e+02
1.394994099146966562e+02
1.396454433728166009e+02
1.397925924319441435e+02
1.399336055600261375e+02
1.400710827816023141e+02
1.402078337404873025e+02
1.403434660524167157e+02
1.404842869614857648e+02
1.406198867065153593e+02
1.407597255600555570e+02
1.408990870700178277e+02
1.410389869019441278e+02
1.411842521846416787e+02
1.413217724193032439e+02
1.414651184442581098e+02
1.416080156845880822e+02
1.417505521120357344e+02
1.418951656374117931e+02
1.420374943177661748e+02
1.421771237451613388e+02
1.423204862313627075e+02
1.424570145713479405e+02
1.425927639426906808e+02
1.427248945657871388e+02
1.428571049754312980e+02
1.429867321270629645e+02
1.431230946759602887e+02
1.432596249004284061e+02
1.433952729328878775e+02
1.435322121045901724e+02
1.436755238371967494e+02
1.438242484808509403e+02
1.439781500513985293e+02
1.441195075844749454e+02
1.442674593945603760e+02
1.444215779825669586e+02
1.445708484339723157e+02
1.447238604914040252e+02
1.448818889930167302e+02
1.450403673156654349e+02
1.451924598823521535e+02
1.453429318527679470e+02
1.454935337552198291e+02
1.456493123699320620e+02
1.458014577360957276e+02
1.459599076240777435e+02
1.461218100820001382e+02
1.462798324241382488e+02
1.464365809698448970e+02
1.465937610856262268e+02
1.467609381445778638e+02
1.469262102930719323e+02
1.470924599444198293e+02
1.472571121395682212e+02
1.474171091773340834e+02
1.475664023331853514e+02
1.477152191189861412e+02
1.478600961055212224e+02
1.480031953333544266e+02
1.481512264120228792e+02
1.483076018314279167e+02
1.484699241070343874e+02
1.486296652514621428e+02
1.487861396394027622e+02
1.489318755981393849e+02
1.490793632946259777e+02
1.492282479965775224e+02
1.493789517422370068e+02
1.495307831631060367e+02
1.496884533070274870e+02
1.498457010367160080e+02
1.500065374257526685e+02
1.501703534137944303e+02
1.503381538751567916e+02
1.505055883431454617e+02
1.506741932937180195e+02
1.508438161147789458e+02
1.510076121978167407e+02
1.511747246923119690e+02
1.513445108390545784e+02
1.515099568430498209e+02
1.516763806827953545e+02
1.518519586229880645e+02
1.520193134531637043e+02
1.521911700322048944e+02
1.523654348076018437e+02
1.525296575243172867e+02
1.526888281671276104e+02
1.528515282274144340e+02
1.530138127625878894e+02
1.531805882406777073e+02
1.533414849479362090e+02
1.534926015738257945e+02
1.536544982167046669e+02
1.538166117485413622e+02
1.539772416276561273e+02
1.541402524358813366e+02
1.543129817732588833e+02
1.544819900463397175e+02
1.546520788238146622e+02
1.548178407602700872e+02
1.549893131164431850e+02
1.551647868538998125e+02
1.553420297827155423e+02
1.555111805515642516e+02
1.556796388159092146e+02
1.558562047957339303e+02
1.560293450916381346e+02
1.562055776920954600e+02
1.563844378255009531e+02
1.565608829207630777e+02
1.567341443877559470e+02
1.569132467429314488e+02
1.570839047694041142e+02
1.572594856006138002e+02
1.574242262491361259e+02
1.575878694640535684e+02
1.577477771256452286e+02
1.578983465877554977e+02
1.580596459812449552e+02
1.582257050985007822e+02
1.583851681903370832e+02
1.585556296170259714e+02
1.587372366649839250e+02
1.589187110761492079e+02
1.590879801898772712e+02
1.592554570386238595e+02
1.594153347116491091e+02
1.595797259843996301e+02
1.597454836675362628e+02
1.599149544362875588e+02
1.600801292114622356e+02
1.602484563452893269e+02
1.604113903255754110e+02
1.605772269908741237e+02
1.607532344343696309e+02
1.609285293414359330e+02
1.611067264201155922e+02
1.612819612080087381e+02
1.614619192209046048e+02
1.616381104778420195e+02
1.618074487897573874e+02
1.619779689033389900e+02
1.621544027790872065e+02
1.623360950809130543e+02
1.625234464794275766e+02
1.627078822624266081e+02
1.628913284550144169e+02
1.630692596032181143e+02
1.632502460849896124e+02
1.634372997307789319e+02
1.636337343413597978e+02
1.638280769567831214e+02
1.640189883962238184e+02
1.642092737197191354e+02
1.643992176887951189e+02
1.645899713776435931e+02
1.647796529936908314e+02
1.649721755655281754e+02
1.651739384180276602e+02
1.653834572304680535e+02
1.655909259381239451e+02
1.658048745802252313e+02
1.660190650692447036e+02
1.662367933672427398e+02
1.664519289600129355e+02
1.666698385851628075e+02
1.668866902652918895e+02
1.670956619153590736e+02
1.673094576185090148e+02
1.675284698698089869e+02
1.677572394403113378e+02
1.679862959134316043e+02
1.682119640032837253e+02
1.684337264326154298e+02
1.686545565145805767e+02
1.688776537410491017e+02
1.691074288452889220e+02
1.693414840692842347e+02
1.695725662384274699e+02
1.697960269330854715e+02
1.700258160693402374e+02
1.702590579408771703e+02
1.704932537386747242e+02
1.707346739434326537e+02
1.709764490147210267e+02
1.712150372693363067e+02
1.714534659419082629e+02
1.716822389583582549e+02
1.719082180529379400e+02
1.721334931192683371e+02
1.723545924474828439e+02
1.725673028934287458e+02
1.727762225919142907e+02
1.729971817843451163e+02
1.732176107500354760e+02
1.734277712305002410e+02
1.736279785088969732e+02
1.738295910677713607e+02
1.740243880604845401e+02
1.741813802068459722e+02
1.743439647780648443e+02
1.745026137835010331e+02
1.746654846067224298e+02
1.748290646187580535e+02
1.750009506765283049e+02
1.751842036075607894e+02
1.753628898529459548e+02
1.755298388922765582e+02
1.757021307071787817e+02
1.758756525172155136e+02
1.760563271002817487e+02
1.762307943695810195e+02
1.764013240630531527e+02
1.765687772884230355e+02
1.767388835091718136e+02
1.769123527867818382e+02
1.770924832451764246e+02
1.772660804257659208e+02
1.774348492479954871e+02
1.776049909000971354e+02
1.777721669387715338e+02
1.779474847586065209e+02
1.781243698618817746e+02
1.783004084798043891e+02
1.784913392042377041e+02
1.786762990191255938e+02
1.788594538218904688e+02
1.790510105822503704e+02
1.792426630258574676e+02
1.794347533172897897e+02
1.796156858232896241e+02
1.798018693974132987e+02
1.799927146824212230e+02
1.801840133524274847e+02
1.803687821334420960e+02
1.805555489070297313e+02
1.807374222549657077e+02
1.809219030280238201e+02
1.811053251701071929e+02
1.812801529396180342e+02
1.814669284659641448e+02
1.816604370166472791e+02
1.818600294138914819e+02
1.820503630461432181e+02
1.822351740512564788e+02
1.824313422234626216e+02
1.826202809784012118e+02
1.828019441266008869e+02
1.829920601517748366e+02
1.831689909618947638e+02
1.833406274808493777e+02
1.835095521724763898e+02
1.836767857192487554e+02
1.838471069095148209e+02
1.840143373467731180e+02
1.841715638264240056e+02
1.843362447840503364e+02
1.844961717513556607e+02
1.846653031493027584e+02
1.848241837168953055e+02
1.849730197447539410e+02
1.851309074985396705e+02
1.852930514101755080e+02
1.854559504197365811e+02
1.856026468954313202e+02
1.857503401793080400e+02
1.858890933684435538e+02
1.860254913475658896e+02
1.861660866789064812e+02
1.862977093996395013e+02
1.864243759078786411e+02
1.865461916916183043e+02
1.866814272694109036e+02
1.868225469185297243e+02
1.869580057047086257e+02
1.871045399344121449e+02
1.872413408238841726e+02
1.873740576711853407e+02
1.875055749672722243e+02
1.876379987040814683e+02
1.877719901437991155e+02
1.879061391759786943e+02
1.880349357343569352e+02
1.881524588807393172e+02
1.882596193711674175e+02
1.883569698758932134e+02
1.884551367330100504e+02
1.885648082130006742e+02
1.886702331742638421e+02
1.887773004927305180e+02
1.888855635337264687e+02
1.889852185740673747e+02
1.890762151248983685e+02
1.891642458463147136e+02
1.892556241100573402e+02
1.893500470069552932e+02
1.894525238135391589e+02
1.895510833927353360e+02
1.896492881144447438e+02
1.897636684331537822e+02
1.898849087768028880e+02
1.900082445607476131e+02
1.901287010246863076e+02
1.902711554696624034e+02
1.904126411836627710e+02
1.905504649435079614e+02
1.906771236638946618e+02
1.907882879901209492e+02
1.908948404147857332e+02
1.910147514275939784e+02
1.911307075777480691e+02
1.912536292233591553e+02
1.913652589791545324e+02
1.914849611730361687e+02
1.915927584019091228e+02
1.916957950507586759e+02
1.918011622834624461e+02
1.919213162862517947e+02
1.920401611283753311e+02
1.921429347842916968e+02
1.922498948335381215e+02
1.923652710643668797e+02
1.924758359221141859e+02
1.925915889430957577e+02
1.927077316864670991e+02
1.928233006424777898e+02
1.929389270611941924e+02
1.930636565841988954e+02
1.931999476452367617e+02
1.933311738694683299e+02
1.934502367775714333e+02
1.935666198694823379e+02
1.936764422869953250e+02
1.937741648118580144e+02
1.938823561297029414e+02
1.939924272277100101e+02
1.941060412753233209e+02
1.942046701764148224e+02
1.942984392757452667e+02
1.943964146066681451e+02
1.944878267412362050e+02
1.945678854700378793e+02
1.946428985436935193e+02
1.947264689550188734e+02
1.948144469380671069e+02
1.948370708562997322e+02
1.948774422251505598e+02
1.949089958217524838e+02
1.949338560117230656e+02
1.949615875766069450e+02
1.950012004420328537e+02
1.950335466204603847e+02
1.950558146928883048e+02
1.950703732439311295e+02
1.950835138285871153e+02
1.950852267823105706e+02
1.951066202112592407e+02
1.951287061731974859e+02
1.951478251027095041e+02
1.951790374333465934e+02
1.951806237710770802e+02
1.951788572813664473e+02
1.951797421801729797e+02
1.951790503777488084e+02
1.951617815447904434e+02
1.951454404504867739e+02
1.951378099511593120e+02
1.951255432811872481e+02
1.951122250212985705e+02
1.950832220674089399e+02
1.950678798502780751e+02
1.950482715191388650e+02
1.950330974793097596e+02
1.949969247081955359e+02
1.949533686786958810e+02
1.949364971313172248e+02
1.949084334982056248e+02
1.948883983193418032e+02
1.948703982791722069e+02
1.948487119808690693e+02
1.948420244435548625e+02
1.948268932198463972e+02
1.948189240195368086e+02
1.948090266572022529e+02
1.947634124864173373e+02
1.947325468685434089e+02
1.946967727839305269e+02
1.946541806276195814e+02
1.946146366240371322e+02
1.945540405617514068e+02
1.944771156959527048e+02
1.943988606421827114e+02
1.943287741385739764e+02
1.942705062838755623e+02
1.942203588251036876e+02
1.941876669109850013e+02
1.941507212301524987e+02
1.941287565144977805e+02
1.941027388929269932e+02
1.940791277070393619e+02
1.940472402989115039e+02
1.940053687605551431e+02
1.939721385457468159e+02
1.939436974404654848e+02
1.939168398862779839e+02
1.938822465540994244e+02
1.938538078249667080e+02
1.938449369414680348e+02
1.938378353334068436e+02
1.938291772823354790e+02
1.938115015376936867e+02
1.937903172421451359e+02
1.937701454446468290e+02
1.937396762895755842e+02
1.937178892342055860e+02
1.936906778043430108e+02
1.936682740769343809e+02
1.936520267480184145e+02
1.936399314826306863e+02
1.936404465062885549e+02
1.936284716093455529e+02
1.935962306199062937e+02
1.935673058211629325e+02
1.935402940849074582e+02
1.935112219481341640e+02
1.934896779149711676e+02
1.934801764782047826e+02
1.934642723978288643e+02
1.934352659777264307e+02
1.934106707974618757e+02
1.933784168314760450e+02
1.933594598628682775e+02
1.933279629174848822e+02
1.933103350965558320e+02
1.932981202497657875e+02
1.932914109743830124e+02
1.933020024380670918e+02
1.932943145565848795e+02
1.932793178403410650e+02
1.932805058959959865e+02
1.932830679515218151e+02
1.932880080921456170e+02
1.932952890420205279e+02
1.932979846125574284e+02
1.933128499778506182e+02
1.933267415306614794e+02
1.933491476094175425e+02
1.933570290866230152e+02
1.933547455311215231e+02
1.933546764399519304e+02
1.933523104194902658e+02
1.933387982862483057e+02
1.933376184861184299e+02
1.933525504176179197e+02
1.933667457813822352e+02
1.933884151892600016e+02
1.933971725383570970e+02
1.934067183043092371e+02
1.934114571999459429e+02
1.934312046027343115e+02
1.934512087556815629e+02
1.934703247855267136e+02
1.934786482889566628e+02
1.935112738549411517e+02
1.935403974479804390e+02
1.935597817568766459e+02
1.935794578229309479e+02
1.935884446991718164e+02
1.936193044234974252e+02
1.936330438921284838e+02
1.936523289563440926e+02
1.936743450401171742e+02
1.936957912840159963e+02
1.937226365089910587e+02
1.937734789933912793e+02
1.938166119597055115e+02
1.938387792797899181e+02
1.938763573293253728e+02
1.939035826006562502e+02
1.939270657134462681e+02
1.939350056373396569e+02
1.939458148976960388e+02
1.939622193661582230e+02
1.939812254923224941e+02
1.940020806092312000e+02
1.940202890069174941e+02
1.940590369909345441e+02
1.940581102812850816e+02
1.940634617879777295e+02
1.940555809721029448e+02
1.940373350432431891e+02
1.939994411805570280e+02
1.939698749832088254e+02
1.939452377375815786e+02
1.939312966130304687e+02
1.939224435051733622e+02
1.939096723547393140e+02
1.939029536857652545e+02
1.938735576313283104e+02
1.938829368686165537e+02
1.939204206855380050e+02
1.939465888702247298e+02
1.939932168232871277e+02
1.940628722938572537e+02
1.941216740632166307e+02
1.942049558801884075e+02
1.942745663898523389e+02
1.943210639670225532e+02
1.943813512703544575e+02
1.944155046322863711e+02
1.944566348844582535e+02
1.945007611144812074e+02
1.945419774306883198e+02
1.945931006273046364e+02
1.946298742611542139e+02
1.946431260782324841e+02
1.946408044758787526e+02
1.946140365742076312e+02
1.946059169186871998e+02
1.946123709203679368e+02
1.946207822803014835e+02
1.946144601432044396e+02
1.946276149324017695e+02
1.946425885990415736e+02
1.946480374951597412e+02
1.946380908428205601e+02
1.946052433034304556e+02
1.945880599671901052e+02
1.945596919881301119e+02
1.945220312075466893e+02
1.945176421470317791e+02
1.945253498912966847e+02
1.945365048924275015e+02
1.945550401496772110e+02
1.945898664316577253e+02
1.946288037993144826e+02
1.946434549494012174e+02
1.946739926557048364e+02
1.947229052004685173e+02
1.947758676294758970e+02
1.948266284596841729e+02
1.948761555337100049e+02
1.949278633342349281e+02
1.949766858766998041e+02
1.950282528323397457e+02
1.950727253269417076e+02
1.951063008135183452e+02
1.951758169528716564e+02
1.952229719616174464e+02
1.952852811190295199e+02
1.953493452094091936e+02
1.954259338147212759e+02
1.954846000696163060e+02
1.955348493889946155e+02
1.955934561914048118e+02
1.956401483902314169e+02
1.956685460687995430e+02
1.957128152537850099e+02
1.957622351923535291e+02
1.958091272536646557e+02
1.958836865230604189e+02
1.959540247479704647e+02
1.960223176081651388e+02
1.960835935173011819e+02
1.961055364101169403e+02
1.961399382339023418e+02
1.961789688972912984e+02
1.961899189565067161e+02
1.962112910342951295e+02
1.962260839055506381e+02
1.962262794068361416e+02
1.962308820086166179e+02
1.962387858800375682e+02
1.962533544567411923e+02
1.962923444415245058e+02
1.963107078269678425e+02
1.963362810275309300e+02
1.963599178023598029e+02
1.963795815037109946e+02
1.963970676329087723e+02
1.964141311131662349e+02
1.964260923011889020e+02
1.964596760325196954e+02
1.964548121684142643e+02
1.964633764013634050e+02
1.964665713053788636e+02
1.964499241658263600e+02
1.964511498433149654e+02
1.964629388908833221e+02
1.964714075071771902e+02
1.964616846014231157e+02
1.964684854870597803e+02
1.965056203160664552e+02
1.965438318765862675e+02
1.965873482301760191e+02
1.966530079693355049e+02
1.966965820421029321e+02
1.967346933262471396e+02
1.967927983406426620e+02
1.968666101508401596e+02
1.969459801083151831e+02
1.970225053921230369e+02
1.970838414932473484e+02
1.971231124557122030e+02
1.971719266818140284e+02
1.972551423938679420e+02
1.973274840114156063e+02
1.973854272515768002e+02
1.974316083115103595e+02
1.974756101341264412e+02
1.975091250863819994e+02
1.975367406488877009e+02
1.975537836647948780e+02
1.975740594179952723e+02
1.976119344335726566e+02
1.976587584494936891e+02
1.976844456130634171e+02
1.977226483612920731e+02
1.977952810125411531e+02
1.978552990178536390e+02
1.978956626648885333e+02
1.979057265630826237e+02
1.979260745320762851e+02
1.979395007349061189e+02
1.979500339086903296e+02
1.980013243131730292e+02
1.980724389360820226e+02
1.981085930777555291e+02
1.981513798816139058e+02
1.981896286160869920e+02
1.982068352929021842e+02
1.981737588138786919e+02
1.981696736030975501e+02
1.981748515130738042e+02
1.981845588939153515e+02
1.981512038182939079e+02
1.981346615066218533e+02
1.981317417751479866e+02
1.981382315203119902e+02
1.981741460574531857e+02
1.981870552463837782e+02
1.981991366689877623e+02
1.982368447063573171e+02
1.982553162107932110e+02
1.982726663713103505e+02
1.983000982386550106e+02
1.983785914015170988e+02
1.984730504416731094e+02
1.985890583597783063e+02
1.987019420712730948e+02
1.987799831008257456e+02
1.988676892222515846e+02
1.990049762388498493e+02
1.991743460044127119e+02
1.993551745282607612e+02
1.994813065531297411e+02
1.996506935866847812e+02
1.998018956111736770e+02
1.999447042945072326e+02
1.998772188269898038e+02
1.998101041324217135e+02
1.997442231172564675e+02
1.996554246661201830e+02
1.995830877516615658e+02
1.995476571920759739e+02
1.994607224853529601e+02
1.994147346933634140e+02
1.993624577755396672e+02
1.992786952026166887e+02
1.992097079661468797e+02
1.991422527136411702e+02
1.990714561942000103e+02
1.990060428122194480e+02
1.989786111097199637e+02
1.989163532582039124e+02
1.988707293722012253e+02
1.988566669542735212e+02
1.988365400925518713e+02
1.988262079897837395e+02
1.987892006540966463e+02
1.987832487290219490e+02
1.988455786594205392e+02
1.988575640655188863e+02
1.988712782195213720e+02
1.988813604033929323e+02
1.989181036451853402e+02
1.989608352732109040e+02
1.990101717719032308e+02
1.989991704969170598e+02
1.989577293085798715e+02
1.989352743527634857e+02
1.989454269108814799e+02
1.989806547451040046e+02
1.990200618460590647e+02
1.989964856611952371e+02
1.989846011977393516e+02
1.990199724565354131e+02
1.990122821794816161e+02
1.990483603579361329e+02
1.991138533771966479e+02
1.992056811080424836e+02
1.992550686562053102e+02
1.993068961305982327e+02
1.993452887515670966e+02
1.993893001342811431e+02
1.994350771363190233e+02
1.995240650003996450e+02
1.995621991724372890e+02
1.996756471062613230e+02
1.998145942137358020e+02
1.999557993801417695e+02
2.000941342308551327e+02
2.002444971504266960e+02
2.004286740274633871e+02
2.005988280384625000e+02
2.006675013405321408e+02
2.006843964027885932e+02
2.007070961425437758e+02
2.006738624446691119e+02
2.006639821944257278e+02
2.006674121708855694e+02
2.006137176267469613e+02
2.005791434747491735e+02
2.004984442211784881e+02
2.004684365215200330e+02
2.005000503032657377e+02
2.004784233589377322e+02
2.004859818566962133e+02
2.004369119057446937e+02
2.003875002600492508e+02
2.003466490037121446e+02
2.002046680359042625e+02
1.999348733297919409e+02
1.996381340622678238e+02
1.993838558606588833e+02
1.991127779671940345e+02
1.987939718466060981e+02
1.983728137273930940e+02
1.979245028833329343e+02
1.974748722653532980e+02
1.970429076184951214e+02
1.965850216213839019e+02
1.960771216692804160e+02
1.955613049405478989e+02
1.949998654749643094e+02
1.944442254962183370e+02
1.939191092989884453e+02
1.933010758090574654e+02
1.927154756087165026e+02
1.921562027576041771e+02
1.915604754894976622e+02
1.908787022286175841e+02
1.902335706111097124e+02
1.894260432566104555e+02
1.885586292434497295e+02
1.881819306103569431e+02
1.877223537802255180e+02
1.872568480833834883e+02
1.867962772901088897e+02
1.862594529022244672e+02
1.857911123838773619e+02
1.853387712633364686e+02
1.849238642095765499e+02
1.846214958696856741e+02
1.843000252380250572e+02
1.839792915919628342e+02
1.837855340879331152e+02
1.835032126895902422e+02
1.833146923455182389e+02
1.830728543433568234e+02
1.829209830708435334e+02
1.825968647268507823e+02
1.823629897539580327e+02
1.820308883506435791e+02
1.817274972032183200e+02
1.814263905925888594e+02
1.811312677699199867e+02
1.808398523794759569e+02
1.804137190013656493e+02
1.799770316510395389e+02
1.795221379927363614e+02
1.790081159814694445e+02
1.785360495407913675e+02
1.780508558748630321e+02
1.776568310811302922e+02
1.772088561300646745e+02
1.766327119876071379e+02
1.760136186358601833e+02
1.754839038695168938e+02
1.749895365916963783e+02
1.745873853215304905e+02
1.740357881506013484e+02
1.735242572328832864e+02
1.729300920538270248e+02
1.723269237895364938e+02
1.716037711113235673e+02
1.708817517617179362e+02
1.701762662966014830e+02
1.695581252202128155e+02
1.690331974786523404e+02
1.686517401731329926e+02
1.681288043423983538e+02
1.676398506774215207e+02
1.671671094840874616e+02
1.667295687829574717e+02
1.663360938435634750e+02
1.658059499668149783e+02
1.654501786588188281e+02
1.653006719514641532e+02
1.649749899046693145e+02
1.646481111516476119e+02
1.644192477026124948e+02
1.642306658708460532e+02
1.640559690119388847e+02
1.641608865154896648e+02
1.641893657161547253e+02
1.639971260850749957e+02
1.636551248178161018e+02
1.637462063648864898e+02
1.635936904866916564e+02
1.626043309524499421e+02
1.618237654439874973e+02
1.605280913610416746e+02
1.598591429189062296e+02
1.596834096053964345e+02
1.599861322282041272e+02
1.592523852696750168e+02
1.594266674626499594e+02
1.578249706838500117e+02
1.590394398485375405e+02
1.592824418718500112e+02
