0.000000000000000000e+00
2.393917350184673887e-02
3.629794442665993520e-02
4.654493392023420495e-02
5.546983662419603667e-02
6.365298183323131465e-02
7.126128802909081905e-02
7.847612018170745107e-02
8.543289500946377180e-02
9.201083956873128133e-02
9.850066511814176140e-02
1.048530920021953083e-01
1.109590654810276716e-01
1.167877194444173622e-01
1.225249577505417992e-01
1.282662796268728977e-01
1.337642024644622729e-01
1.390940387133774159e-01
1.444019841270502424e-01
1.496168319766389698e-01
1.547891946743179814e-01
1.599219989631820715e-01
1.648076596259153981e-01
1.693873811215822756e-01
1.738183304359602055e-01
1.783860073995315043e-01
1.831604192236331030e-01
1.876665748508279663e-01
1.919070831679736133e-01
1.962485906267566749e-01
2.006579675768804805e-01
2.047654715133482017e-01
2.092167085405768623e-01
2.134467552064294449e-01
2.176470160130085096e-01
2.216363559361958224e-01
2.258249991984928873e-01
2.301021821042771864e-01
2.342479358299795478e-01
2.381400128385753601e-01
2.423391103281127834e-01
2.463506029247636842e-01
2.502742028310762090e-01
2.543815639269619844e-01
2.582218536455866409e-01
2.619898916716910664e-01
2.657713894026999535e-01
2.699579775567406692e-01
2.736150193241843609e-01
2.775309247128443513e-01
2.814277996596962761e-01
2.853861195827984143e-01
2.890725196179669276e-01
2.931424707305955168e-01
2.967979958613681246e-01
3.004338097485059200e-01
3.040948786983661556e-01
3.080272497077165550e-01
3.116832877568985194e-01
3.155247025863056054e-01
3.191602856473229610e-01
3.224274173303109947e-01
3.258784229965113743e-01
3.292423895022446589e-01
3.327253279251180529e-01
3.363482075823268636e-01
3.398379703922368433e-01
3.432008802633986777e-01
3.463204533746356839e-01
3.494336646008904812e-01
3.527387632848650312e-01
3.558957587570120151e-01
3.590229668596693902e-01
3.621389395771748010e-01
3.652144886443805527e-01
3.685362629448309946e-01
3.717259745112050928e-01
3.748885163896846784e-01
3.781096845233982706e-01
3.810148781974501131e-01
3.841251832037733127e-01
3.872947636325461684e-01
3.902948200582073146e-01
3.931852309641848953e-01
3.958484580209577497e-01
3.987099071944781858e-01
4.015187842707193533e-01
4.045193422561347285e-01
4.074914644042822442e-01
4.103895196121457034e-01
4.133116323509057888e-01
4.161455198843874159e-01
4.188083199238440968e-01
4.214855444882108504e-01
4.242292141841009778e-01
4.274817735382816508e-01
4.305706729313930059e-01
4.335278743843508642e-01
4.362616040771306047e-01
4.390677018268093756e-01
4.418327717424786472e-01
4.446948870991360714e-01
4.476689160731901485e-01
4.506853778678466815e-01
4.537634283034374660e-01
4.566187350919805321e-01
4.595226632516209442e-01
4.624969399083267430e-01
4.653976624222401215e-01
4.682019766520091886e-01
4.711784373968548323e-01
4.741839670540366480e-01
4.771020067553602972e-01
4.800175838288197050e-01
4.828269271783686145e-01
4.857836071697335112e-01
4.885299723810562766e-01
4.913500900149028738e-01
4.943067621150319391e-01
4.970748833802473010e-01
4.999532294337600824e-01
5.029016119862566025e-01
5.058518328703172084e-01
5.085333809885222989e-01
5.111694070881763752e-01
5.141174562846893004e-01
5.168651894947009495e-01
5.197962335982981852e-01
5.222218810078682605e-01
5.247463662746005841e-01
5.273821727605463305e-01
5.301657276009148489e-01
5.327313218514749815e-01
5.355016560571120854e-01
5.381494562018690475e-01
5.410468748498362679e-01
5.439119682989759230e-01
5.468037820504582092e-01
5.496306311787878540e-01
5.522048565451231905e-01
5.548862797269141778e-01
5.576304382205229393e-01
5.601252345257875520e-01
5.627599984734734662e-01
5.654454076984202215e-01
5.680928035786068087e-01
5.707777686468492595e-01
5.735105890356425595e-01
5.760955409395193128e-01
5.785524791624816476e-01
5.812385560130912676e-01
5.838249759254847682e-01
5.862192111005899431e-01
5.888613549171236583e-01
5.913373663208399966e-01
5.938676203821886546e-01
5.962937948690212320e-01
5.983996683491408231e-01
6.006244504251704308e-01
6.027006587424081907e-01
6.052087911609600468e-01
6.075692308200426606e-01
6.099052552020343132e-01
6.122269589966041758e-01
6.142699428578374254e-01
6.164939878935259410e-01
6.186753174522028331e-01
6.209794582296551679e-01
6.232901536555053301e-01
6.258681341944423160e-01
6.283210828651100144e-01
6.308010690542361631e-01
6.333822442521060969e-01
6.357164887811395104e-01
6.379695164042046285e-01
6.403760121629037405e-01
6.424198761037159811e-01
6.445113698841495875e-01
6.471416603426275449e-01
6.496526519410519285e-01
6.521084076388300454e-01
6.544502729181653766e-01
6.567960939481405358e-01
6.590895412714303792e-01
6.615964954936434106e-01
6.639254149529878468e-01
6.662700976421559451e-01
6.685797644039479515e-01
6.708226776833358107e-01
6.734464862175104649e-01
6.761190279732885999e-01
6.787533532399349090e-01
6.813491071270451060e-01
6.839513968583198489e-01
6.867243864572323275e-01
6.895756680443562159e-01
6.923054903887949640e-01
6.950807345387911562e-01
6.978070974405683469e-01
7.007749678447025010e-01
7.038045253281438596e-01
7.066291839589108337e-01
7.094122761476198136e-01
7.122021715808506404e-01
7.148986715098015754e-01
7.177595996887838892e-01
7.205524214570766528e-01
7.237014895136475445e-01
7.267705842832303809e-01
7.297159671887066823e-01
7.326798306746133971e-01
7.354399752288354186e-01
7.383666719045519633e-01
7.411861646213344645e-01
7.442848988740314864e-01
7.470380489840366955e-01
7.497401931471732173e-01
7.524407590910171528e-01
7.550708779497978806e-01
7.580023162224264199e-01
7.610487241428954830e-01
7.637942378596206394e-01
7.667347304239491290e-01
7.697266163840467135e-01
7.725520816288529158e-01
7.757009228616922325e-01
7.787237964573410220e-01
7.819413916222243133e-01
7.847972291722761229e-01
7.878772466345714820e-01
7.909420870830440320e-01
7.937599427560003695e-01
7.965545264117253055e-01
7.997684052217282069e-01
8.031908094092736761e-01
8.062536550419756587e-01
8.096105893434369927e-01
8.125519806030305769e-01
8.156083747108606730e-01
8.188914802515194769e-01
8.218615408801155375e-01
8.246410755199520271e-01
8.275983524279219017e-01
8.303720159878046347e-01
8.333446095980836521e-01
8.361196394784413677e-01
8.389126635863664028e-01
8.416004057917300107e-01
8.445483478315819470e-01
8.473635484668206042e-01
8.502487637852681468e-01
8.531357677058646338e-01
8.560558871851210450e-01
8.585504703071613619e-01
8.613068633617758652e-01
8.641313693745562574e-01
8.665848729425255081e-01
8.693176172526863033e-01
8.719323011558706149e-01
8.742707133657500185e-01
8.765506253413988258e-01
8.788465417654124368e-01
8.811801163606070020e-01
8.833357470233230702e-01
8.858296654725779096e-01
8.882117749817595165e-01
8.906598606049779265e-01
8.931497013691335196e-01
8.956636953535541679e-01
8.980518047377877844e-01
9.004032472756094974e-01
9.029701731760517713e-01
9.056735742519606003e-01
9.082570524649462573e-01
9.108283941959429697e-01
9.133235851408667560e-01
9.155700247818588933e-01
9.176019358953156901e-01
9.200426942744674985e-01
9.226952023672588821e-01
9.251460238905198086e-01
9.277281061209429192e-01
9.303453316612751989e-01
9.327947953374916557e-01
9.348887896763121708e-01
9.370985260695162689e-01
9.395452718413204174e-01
9.419461928078662893e-01
9.445171267487812994e-01
9.472261744381702542e-01
9.496777955208065558e-01
9.523495568334574557e-01
9.552295396258886351e-01
9.580182176276271777e-01
9.606166309079581245e-01
9.633632384307206920e-01
9.660653367817065851e-01
9.687674239275871901e-01
9.716660418098166385e-01
9.744729020647482365e-01
9.771363419395736605e-01
9.795824729796346331e-01
9.822851172627293792e-01
9.850340692327238523e-01
9.876448583757221344e-01
9.899805528578469183e-01
9.925012916578513922e-01
9.948474220863228190e-01
9.972525488384066383e-01
9.998283321782297506e-01
1.002385001989459568e+00
1.004496698011639877e+00
1.006899130995608571e+00
1.009085415829634957e+00
1.011244787516693222e+00
1.013576911984629625e+00
1.015791338845287273e+00
1.018254478004857688e+00
1.020321905279903518e+00
1.022728785576179300e+00
1.025363242093102922e+00
1.027942116729739563e+00
1.030377416842129579e+00
1.032854104561662378e+00
1.035404922971520092e+00
1.037910319456803565e+00
1.040494873778206708e+00
1.042903179148802817e+00
1.045155378114665634e+00
1.047587961747480811e+00
1.049845098116245268e+00
1.052123157520730601e+00
1.053924173257693608e+00
1.056395629611072806e+00
1.058956342179297350e+00
1.061574183979830499e+00
1.063875371596681774e+00
1.066480708730199289e+00
1.068938294622068241e+00
1.071621718143320967e+00
1.074282016016237407e+00
1.077188556065792335e+00
1.079776986111945503e+00
1.082345486336395268e+00
1.085131372881615430e+00
1.087881691784632343e+00
1.090688064411615033e+00
1.093556376615553383e+00
1.096309413958847179e+00
1.098558805003334582e+00
1.100957838493611840e+00
1.103229211316781422e+00
1.105562909826274032e+00
1.107996861990509174e+00
1.110409056372410941e+00
1.112933648224709859e+00
1.115400835311975314e+00
1.117991999225097066e+00
1.120678658080170642e+00
1.123411887149861066e+00
1.125809229655390542e+00
1.128316047296477276e+00
1.131177696403349087e+00
1.133667851436688689e+00
1.136213476595846483e+00
1.138808915796338361e+00
1.140913173608294029e+00
1.143270468367226123e+00
1.145627653866537310e+00
1.148053029232105171e+00
1.150307739550363140e+00
1.152675548306158371e+00
1.155053815459928801e+00
1.157702042629937589e+00
1.160050851099856839e+00
1.162358651549577182e+00
1.164717285804792724e+00
1.166945344579112254e+00
1.169106803427783836e+00
1.171499890954410539e+00
1.174023194072897347e+00
1.176471586544726389e+00
1.178674401994839194e+00
1.180880607732679000e+00
1.183109523351083325e+00
1.185426598426325029e+00
1.187784981176585264e+00
1.190187152054270836e+00
1.192618575970188166e+00
1.195047138931321751e+00
1.197411915490662393e+00
1.200004697913824137e+00
1.202827687519288702e+00
1.205164671546968380e+00
1.207406942455051313e+00
1.209700858325372552e+00
1.212290564740714505e+00
1.214808575581965311e+00
1.217223823392463933e+00
1.219928462087871202e+00
1.222414510826272060e+00
1.224666933916920053e+00
1.226861821558938193e+00
1.229125733479183191e+00
1.231458350527956824e+00
1.233766954731549514e+00
1.235945905024554925e+00
1.238040156925371615e+00
1.240007862266103267e+00
1.241764789523228885e+00
1.243969243298499672e+00
1.246217648279615009e+00
1.248593834436150463e+00
1.250910761398785098e+00
1.253168975044228972e+00
1.255355071259442790e+00
1.257813396751134016e+00
1.260085989598367595e+00
1.262131836535531404e+00
1.264227956624029758e+00
1.266539541653155965e+00
1.268706202185148291e+00
1.271047608480104119e+00
1.273110027896052099e+00
1.275463788014637112e+00
1.277721358172292376e+00
1.279937127419922716e+00
1.282199808676328212e+00
1.284243793309798320e+00
1.286560620227736873e+00
1.289013659947677581e+00
1.291614026465944809e+00
1.294230014712757892e+00
1.296597051172128312e+00
1.298806850636329058e+00
1.301160860765349980e+00
1.303483316517817903e+00
1.305806877492490914e+00
1.308247085316072145e+00
1.310457646162955347e+00
1.312910742759185068e+00
1.315411802901217841e+00
1.317968226210529670e+00
1.320452856035928546e+00
1.323089168690124939e+00
1.325663556750556804e+00
1.328045265856004020e+00
1.330222665490429446e+00
1.332403026542474445e+00
1.334752719295284162e+00
1.336928576729462304e+00
1.339141802716824703e+00
1.341497087698145130e+00
1.343440869472842580e+00
1.345401365530803250e+00
1.347556996429333243e+00
1.349746836543120665e+00
1.351841906947312655e+00
1.354128592481018245e+00
1.356246007165355927e+00
1.358563423580212426e+00
1.360743909200651691e+00
1.362884743098187634e+00
1.365136310366572792e+00
1.367066048356063490e+00
1.369095683491901028e+00
1.371062121705753700e+00
1.373013223187846021e+00
1.375151388947113640e+00
1.376923298027697973e+00
1.378959001571643750e+00
1.380799188567444880e+00
1.382885324124772275e+00
1.384664998540994896e+00
1.386979897006150875e+00
1.389293061670845875e+00
1.391352063843475761e+00
1.393946917042217404e+00
1.396057432168205104e+00
1.398435024351052380e+00
1.400735074780238065e+00
1.402878884048767816e+00
1.405020065118615102e+00
1.407417729690498609e+00
1.409743069427012108e+00
1.412051606707444673e+00
1.414151457521400701e+00
1.416134316779452451e+00
1.418355074228107471e+00
1.420697154970674170e+00
1.422848001526384243e+00
1.425340786531208215e+00
1.427941938590302495e+00
1.430364473833672267e+00
1.432280003637439902e+00
1.434266954229025171e+00
1.436177385235434478e+00
1.437932927854035148e+00
1.439947532139190134e+00
1.441900225420343906e+00
1.443837139430724781e+00
1.445638283747969544e+00
1.447442868378423286e+00
1.449192499400096645e+00
1.451228415582843656e+00
1.453276677490996649e+00
1.455410139619583321e+00
1.457383955240012519e+00
1.459485396732119966e+00
1.461563284940254670e+00
1.463607091353800849e+00
1.465164913894532184e+00
1.466980457930821879e+00
1.468723395844237389e+00
1.469793710512194096e+00
1.471329635394470481e+00
1.473193180514547063e+00
1.474680447187418419e+00
1.476510450698727439e+00
1.478172017616989464e+00
1.480076579165254813e+00
1.482269030249553587e+00
1.484313798089678116e+00
1.486137520599123407e+00
1.487639356962228376e+00
1.489506606950138368e+00
1.491114058900657735e+00
1.492972937780220555e+00
1.494450160253993465e+00
1.496237991383712496e+00
1.497905418740632433e+00
1.499632071610839112e+00
1.501517837370537123e+00
1.503375978731713580e+00
1.504972685396580800e+00
1.506473210548575858e+00
1.508115065804011001e+00
1.510003455811409712e+00
1.511874368507598154e+00
1.513978931676190687e+00
1.516087619624476801e+00
1.518205662066689277e+00
1.520689569868142854e+00
1.522895210487448248e+00
1.525105502822153181e+00
1.527464037794896923e+00
1.529585005713077095e+00
1.531787288152656634e+00
1.533706091016403095e+00
1.535793281855685199e+00
1.537731105371140439e+00
1.539576821523552130e+00
1.541106363756838515e+00
1.543042602621746751e+00
1.544917255689702396e+00
1.546555694940787484e+00
1.548657952101488045e+00
1.550584787609942561e+00
1.552373203018798220e+00
1.554408902314120322e+00
1.556332948731890209e+00
1.558053430554400487e+00
1.560082541478311713e+00
1.562122812070977362e+00
1.564331830638496568e+00
1.566134992528516401e+00
1.568195550540674166e+00
1.570336580724942754e+00
1.572497696525339439e+00
1.574623279516017771e+00
1.576741024686275416e+00
1.578825697827645813e+00
1.580597863182875207e+00
1.582537691380106359e+00
1.584357665128680370e+00
1.585958334862807018e+00
1.587657787016686584e+00
1.589607984711762345e+00
1.591329352318943569e+00
1.592849076486188897e+00
1.594888597543793418e+00
1.596594988286734296e+00
1.598646223363936469e+00
1.600351745153114402e+00
1.602068312539928430e+00
1.603452925429969644e+00
1.605302449314062851e+00
1.607364279834412324e+00
1.609087633813504059e+00
1.610813923355162602e+00
1.612599671466979911e+00
1.614099287478688804e+00
1.615724198666455003e+00
1.617408141296032165e+00
1.618707781297210158e+00
1.620130754937466389e+00
1.621542192974195551e+00
1.622990073791273247e+00
1.624267111100225147e+00
1.625459238766386649e+00
1.626636372532763941e+00
1.627597643804369776e+00
1.628666928800587721e+00
1.630151330155903633e+00
1.631286149154850262e+00
1.633020338052889597e+00
1.634303357379635724e+00
1.635755590665760595e+00
1.637483472741203983e+00
1.638764577583997628e+00
1.640210487435823650e+00
1.641628915308813719e+00
1.642797914933722847e+00
1.643904093032529490e+00
1.644755526818643343e+00
1.645831185242698780e+00
1.647139307259313012e+00
1.648366466623959026e+00
1.649645891851713397e+00
1.650776692418888247e+00
1.652319928620270106e+00
1.653514759531624634e+00
1.654790056409944032e+00
1.656227307563300277e+00
1.657714894258385252e+00
1.659239368557643646e+00
1.660727040619245587e+00
1.662126668657156525e+00
1.663332276285339306e+00
1.664662835791883122e+00
1.666007985211015452e+00
1.667299595741406071e+00
1.668697540384642686e+00
1.670065309809391829e+00
1.671174329005344239e+00
1.672565823337592406e+00
1.673675932906001806e+00
1.674937167626166401e+00
1.676345039122205227e+00
1.677894650826983414e+00
1.679229745078219871e+00
1.680843954838583842e+00
1.682506683159451288e+00
1.683777144112033275e+00
1.685528827553900655e+00
1.687205228697616022e+00
1.688871796835202055e+00
1.690253720111657865e+00
1.691954606233689651e+00
1.693930431396213576e+00
1.695634619790498343e+00
1.697406542203404367e+00
1.699104407625919633e+00
1.700640998725748476e+00
1.702408480227983523e+00
1.703990035790291957e+00
1.705293271646023845e+00
1.707054754462965951e+00
1.708747732052849244e+00
1.710288963628977310e+00
1.712015529092594246e+00
1.713716733062058628e+00
1.715115469763013767e+00
1.716541717134643541e+00
1.717752210554308601e+00
1.719082895213875251e+00
1.720406725810861959e+00
1.721636505021747920e+00
1.722796887967450674e+00
1.723867427994825841e+00
1.725046969309079747e+00
1.726370204132551045e+00
1.727470477834740503e+00
1.729066771962507909e+00
1.730596759595340206e+00
1.731954762337837073e+00
1.733495256531367712e+00
1.734956688240625766e+00
1.736513329949274764e+00
1.737997620849116132e+00
1.739742211229430513e+00
1.741391595942985093e+00
1.743003323545888827e+00
1.744630715913808583e+00
1.746631754342026444e+00
1.748910188902779161e+00
1.751009050437688064e+00
1.753072720893977587e+00
1.754921929497135880e+00
1.756444977128822416e+00
1.758432447116074604e+00
1.760164967067780362e+00
1.762103809779568486e+00
1.764048734443059985e+00
1.765736504752238645e+00
1.767432290148014173e+00
1.769438041278030393e+00
1.771191069851641764e+00
1.773038611380608032e+00
1.774724714575285578e+00
1.776533605046207498e+00
1.778078890373506304e+00
1.779850397006119245e+00
1.781633761161470542e+00
1.783421973494386137e+00
1.784792924813340509e+00
1.786565843841845247e+00
1.788361786686690325e+00
1.790088021863457834e+00
1.791845304604468447e+00
1.793409651335742039e+00
1.795200034904115505e+00
1.796859196054464203e+00
1.798491039538299807e+00
1.800135222582944561e+00
1.801715991156669805e+00
1.803510912423829327e+00
1.805043008024929341e+00
1.806358011226354865e+00
1.808008935392356076e+00
1.809604357214926296e+00
1.811222086475641424e+00
1.812733718121555704e+00
1.814639823382909745e+00
1.816130498507293023e+00
1.817742690739978517e+00
1.819202073411392728e+00
1.820773001058281881e+00
1.822368275628988510e+00
1.824085900445185704e+00
1.825707057568231262e+00
1.827478111866690957e+00
1.829287994432465592e+00
1.830985986802946330e+00
1.832915990892858948e+00
1.835034338709718549e+00
1.837116222528975218e+00
1.838889289803573579e+00
1.840684517701943079e+00
1.842642649130719290e+00
1.844635577071637167e+00
1.846915428324570119e+00
1.848696426197421250e+00
1.850338491529955665e+00
1.852781088879142057e+00
1.854464457350732065e+00
1.856740628452121511e+00
1.858862250085213885e+00