10000.0 0.17065758992762026
20000.0 0.29156285290989237
30000.0 0.4037969033635178
40000.0 0.5099824280118634
50000.0 0.6128986365473551
60000.0 0.7135360113742302
70000.0 0.81221613794339
80000.0 0.9096231917212892
90000.0 1.0060104967943608
100000.0 1.100645408009902
110000.0 1.1932745579991537
120000.0 1.2858023182641587
130000.0 1.37767596964222
140000.0 1.4693204523962935
150000.0 1.5598395509736658
160000.0 1.6502213041959848
170000.0 1.7404033907665188
180000.0 1.8291137936421524
190000.0 1.9171148422603095
200000.0 2.0047039168737397
210000.0 2.0924406483626647
220000.0 2.1786195160354875
230000.0 2.2651843025947516
240000.0 2.3515912210897856
250000.0 2.4378759290551324
260000.0 2.524715260862523
270000.0 2.6104598805479253
280000.0 2.696539409027203
290000.0 2.7824596386995193
300000.0 2.867262742603058
310000.0 2.9526987189080334
320000.0 3.0372686028888194
330000.0 3.121103461434247
340000.0 3.204511750224331
350000.0 3.2873113407509384
360000.0 3.369614885638766
370000.0 3.4511654120873874
380000.0 3.53355949176401
390000.0 3.6160147402930036
400000.0 3.6990939418118183
410000.0 3.781601738366088
420000.0 3.8633935239088615
430000.0 3.9444057866216635
440000.0 4.025949469655115
450000.0 4.107492493335132
460000.0 4.188836853815655
470000.0 4.269681994631965
480000.0 4.349537229675922
490000.0 4.429556494073538
500000.0 4.508867151329957
510000.0 4.587717769114421
520000.0 4.665722201648779
530000.0 4.743236070942154
540000.0 4.8213445524327785
550000.0 4.899110598546398
560000.0 4.976229197246549
570000.0 5.053837266269716
580000.0 5.131339411057145
590000.0 5.209494366463711
600000.0 5.287411898057713
610000.0 5.364484596009414
620000.0 5.442604347995277
630000.0 5.520070074262601
640000.0 5.5979853880628285
650000.0 5.675580538357872
660000.0 5.752292346566945
670000.0 5.829571582870699
680000.0 5.906044403214105
690000.0 5.982705681752473
700000.0 6.059093169580479
710000.0 6.135029290897459
720000.0 6.210996165321615
730000.0 6.286721115490493
740000.0 6.362561548799357
750000.0 6.4383314810220815
760000.0 6.513978866621672
770000.0 6.589938823515949
780000.0 6.665651773457384
790000.0 6.740625434788829
800000.0 6.816196218511676
810000.0 6.891466169926863
820000.0 6.967177236626716
830000.0 7.041858157722941
840000.0 7.116953975976378
850000.0 7.192479349687544
860000.0 7.267737164231494
870000.0 7.34206677733071
880000.0 7.41687719830527
890000.0 7.491788822474516
900000.0 7.566958965271106
910000.0 7.641542599055103
920000.0 7.716098132991022
930000.0 7.790082072726104
940000.0 7.863804018175597
950000.0 7.93834109855381
960000.0 8.01220699993387
970000.0 8.086106984237881
980000.0 8.159639793143171
990000.0 8.233236684342774
1000000.0 8.30718429030156
1010000.0 8.380684623723301
1020000.0 8.45465978409929
1030000.0 8.52800509186548
1040000.0 8.601806859672982
1050000.0 8.675122390393154
1060000.0 8.74821295822357
1070000.0 8.822742212805991
1080000.0 8.897426747288312
1090000.0 8.971867467495658
1100000.0 9.045585396198911
1110000.0 9.119471667235974
1120000.0 9.19298463175155
1130000.0 9.266155398551222
1140000.0 9.33945811062994
1150000.0 9.412180564851852
1160000.0 9.485324343801738
1170000.0 9.557742922680474
1180000.0 9.630603320980727
1190000.0 9.705300678206966
1200000.0 9.779329361554629
1210000.0 9.852736697081971
1220000.0 9.925802887977717
1230000.0 9.997764750354278
1240000.0 10.070975685591323
1250000.0 10.14408186197368
1260000.0 10.216801356853367
1270000.0 10.28954257082765
1280000.0 10.361577776181777
1290000.0 10.433514173957587
1300000.0 10.505869474336762
1310000.0 10.577523059306426
1320000.0 10.649247560978738
1330000.0 10.72127248481057
1340000.0 10.793398744004426
1350000.0 10.864855251833763
1360000.0 10.936786986100365
1370000.0 11.008044783934261
1380000.0 11.079387551103807
1390000.0 11.151027258345904
1400000.0 11.223325416988535
1410000.0 11.29512765426128
1420000.0 11.367052915386925
1430000.0 11.438104013230172
1440000.0 11.508645450369396
1450000.0 11.579877479257831
1460000.0 11.651545696455315
1470000.0 11.723108395143262
1480000.0 11.794689930074554
1490000.0 11.8664847451255
1500000.0 11.937215709079547
1510000.0 12.00759445695123
1520000.0 12.078931170422047
1530000.0 12.150248756329342
1540000.0 12.220816389045305
1550000.0 12.291253840263842
1560000.0 12.362083794699675
1570000.0 12.432781024959828
1580000.0 12.503571724582791
1590000.0 12.573877304572246
1600000.0 12.645197002609072
1610000.0 12.716870701066856
1620000.0 12.787364916503032
1630000.0 12.857726811007428
1640000.0 12.928652266364418
1650000.0 12.997676009784872
1660000.0 13.067276441117684
1670000.0 13.136366486115788
1680000.0 13.206374508520721
1690000.0 13.276313865939448
1700000.0 13.345688434723261
1710000.0 13.415868939572405
1720000.0 13.485246269610698
1730000.0 13.554914931986595
1740000.0 13.624525761033068
1750000.0 13.694271397554102
1760000.0 13.763642643411492
1770000.0 13.833575105789057
1780000.0 13.902120576673799
1790000.0 13.971332866091698
1800000.0 14.040444655966445
1810000.0 14.110250434817802
1820000.0 14.1800481493602
1830000.0 14.250227337634342
1840000.0 14.32104078614161
1850000.0 14.392241528231523
1860000.0 14.463188162896703
1870000.0 14.534129167448432
1880000.0 14.604858274563322
1890000.0 14.675727493715026
1900000.0 14.74671374510136
1910000.0 14.817166837673096
1920000.0 14.888251855708946
1930000.0 14.958397134237927
1940000.0 15.028464152996374
1950000.0 15.098583679154785
1960000.0 15.168639739655887
1970000.0 15.239456824424039
1980000.0 15.309883622213261
1990000.0 15.38061590447156
2000000.0 15.451886986569509
2010000.0 15.522929149783423
2020000.0 15.593164148383497
2030000.0 15.664165091954194
2040000.0 15.734980869244676
2050000.0 15.805969989308176
2060000.0 15.875977766948505
2070000.0 15.945508906318658
2080000.0 16.0148466296395
2090000.0 16.084471427230483
2100000.0 16.15342046758128
2110000.0 16.222718481477077
2120000.0 16.292427258093138
2130000.0 16.36135956056236
2140000.0 16.431186150019244
2150000.0 16.499725003119305
2160000.0 16.568533926969646
2170000.0 16.63755342103812
2180000.0 16.705388039051222
2190000.0 16.7726997495351
2200000.0 16.840660114218995
2210000.0 16.908792769483018
2220000.0 16.977506847905076
2230000.0 17.045279983197847
2240000.0 17.11360159639418
2250000.0 17.180651827472254
2260000.0 17.247754190410745
2270000.0 17.315360736295705
2280000.0 17.38200972634803
2290000.0 17.4482036147419
2300000.0 17.515594019885274
2310000.0 17.582294854498528
2320000.0 17.64903421613191
2330000.0 17.715422566242
2340000.0 17.781597571023557
2350000.0 17.847919914320006
2360000.0 17.914423271282036
2370000.0 17.981377451918924
2380000.0 18.047748024615668
2390000.0 18.113805484948994
2400000.0 18.180085361843737
2410000.0 18.245693903935717
2420000.0 18.31121481445887
2430000.0 18.376194565377986
2440000.0 18.44152593669321
2450000.0 18.50676005975641
2460000.0 18.57130887120329
2470000.0 18.636282347202833
2480000.0 18.700616479611774
2490000.0 18.763572137009216
2500000.0 18.826170475388484
2510000.0 18.889633525590334
2520000.0 18.953252777725922
2530000.0 19.016903100712803
2540000.0 19.080628709010895
2550000.0 19.142848484932138
2560000.0 19.205012626921807
2570000.0 19.26735484932441
2580000.0 19.32962943498843
2590000.0 19.39249375248788
2600000.0 19.454981545679864
2610000.0 19.51730387803232
2620000.0 19.579825379109945
2630000.0 19.642006736575745
2640000.0 19.70548916470401
2650000.0 19.767730532005466
2660000.0 19.83075670451908
2670000.0 19.89281159339612
2680000.0 19.9556158736216
2690000.0 20.018360967089922
2700000.0 20.081292078979235
2710000.0 20.144025885669866
2720000.0 20.206942094736334
2730000.0 20.27006547188072
2740000.0 20.332835255635555
2750000.0 20.39556900440303
2760000.0 20.45786254705654
2770000.0 20.51993522334062
2780000.0 20.582163619027238
2790000.0 20.645107226096194
2800000.0 20.70819925265886
2810000.0 20.771813105336363
2820000.0 20.83551782854704
2830000.0 20.898951341656367
2840000.0 20.962597306694907
2850000.0 21.026506345418056
2860000.0 21.089769427520423
2870000.0 21.15308024599842
2880000.0 21.21744385107779
2890000.0 21.281714674760668
2900000.0 21.345853161230586
2910000.0 21.409776465445482
2920000.0 21.47383033887375
2930000.0 21.539096376507466
2940000.0 21.60386327125932
2950000.0 21.668792469289087
2960000.0 21.733857988455277
2970000.0 21.798842624386204
2980000.0 21.86366355147052
2990000.0 21.928671990746835
3000000.0 21.993853892802246
3010000.0 22.059822089868817
3020000.0 22.125636851470095
3030000.0 22.191002243508677
3040000.0 22.256139076604825
3050000.0 22.320905337440394
3060000.0 22.38576334887296
3070000.0 22.451424630626022
3080000.0 22.51636770380607
3090000.0 22.581782952523422
3100000.0 22.64742841502616
3110000.0 22.7129655865176
3120000.0 22.77829193547612
3130000.0 22.843236818588835
3140000.0 22.90777930451475
3150000.0 22.972509415931423
3160000.0 23.03763625966486
3170000.0 23.1022832717905
3180000.0 23.167235518865937
3190000.0 23.231758311105317
3200000.0 23.29645477252192
3210000.0 23.36119696094409
3220000.0 23.426129865977863
3230000.0 23.490793418493368
3240000.0 23.555207895588598
3250000.0 23.620456466655103
3260000.0 23.685027256470647
3270000.0 23.750496537351857
3280000.0 23.815990586689857
3290000.0 23.88073483887848
3300000.0 23.945587619214077
3310000.0 24.01086922342497
3320000.0 24.07557857332872
3330000.0 24.140207589935923
3340000.0 24.20419773081216
3350000.0 24.26837017337894
3360000.0 24.332569987353924
3370000.0 24.396502929422642
3380000.0 24.460644133835203
3390000.0 24.52424105452033
3400000.0 24.588427926870263
3410000.0 24.651659243584987
3420000.0 24.715349454845793
3430000.0 24.77991267088581
3440000.0 24.844291578463505
3450000.0 24.908330413687825
3460000.0 24.971486820808604
3470000.0 25.034379882392493
3480000.0 25.09748090114047
3490000.0 25.161120459301706
3500000.0 25.224308120769894
3510000.0 25.287525788895092
3520000.0 25.351059979706974
3530000.0 25.413756570071527
3540000.0 25.477311972894633
3550000.0 25.539991197459813
3560000.0 25.603186104083534
3570000.0 25.666582398241246
3580000.0 25.729955801733137
3590000.0 25.79363630513854
3600000.0 25.856555988934446
3610000.0 25.919089885574714
3620000.0 25.98228952298065
3630000.0 26.045035925631502
3640000.0 26.107313131010795
3650000.0 26.169168955110784
3660000.0 26.23158357099829
3670000.0 26.293880219266548
3680000.0 26.356707299853834
3690000.0 26.418188603499203
3700000.0 26.479576232619728
3710000.0 26.541761202487546
3720000.0 26.604207602038294
3730000.0 26.666972426565252
3740000.0 26.730432691459047
3750000.0 26.794120858321076
3760000.0 26.857715152622184
3770000.0 26.92113960810641
3780000.0 26.984537248424697
3790000.0 27.049438374567394
3800000.0 27.11338046620142
3810000.0 27.17755397805978
3820000.0 27.241396072584852
3830000.0 27.304293672290406
3840000.0 27.36716135488195
3850000.0 27.43117261000593
3860000.0 27.494936272955734
3870000.0 27.55939157490834
3880000.0 27.62266731304108
3890000.0 27.686357239880692
3900000.0 27.750382003173716
3910000.0 27.814142218431623
3920000.0 27.877742598598562
3930000.0 27.94205284464649
3940000.0 28.006440403888774
3950000.0 28.071516513717338
3960000.0 28.136247887699444
3970000.0 28.20049424028384
3980000.0 28.265425654363042
3990000.0 28.330084464297144
4000000.0 28.396083399040013
4010000.0 28.461488371037234
4020000.0 28.52677535551437
4030000.0 28.590944049088538
4040000.0 28.655477960781717
4050000.0 28.719165812463746
4060000.0 28.782907244525845
4070000.0 28.847682175926025
4080000.0 28.911844102101444
4090000.0 28.975358526916935
4100000.0 29.03812033252322
4110000.0 29.10096047662221
4120000.0 29.16389700563796
4130000.0 29.226494969261022
4140000.0 29.288620181969065
4150000.0 29.349501357606343
4160000.0 29.41098333225134
4170000.0 29.47269138707231
4180000.0 29.53366901562202
4190000.0 29.594700802042716
4200000.0 29.65640089345292
4210000.0 29.718080553394163
4220000.0 29.780054976073043
4230000.0 29.842076709263015
4240000.0 29.904634471129445
4250000.0 29.9669606760601
4260000.0 30.02970569207517
4270000.0 30.092982933489488
4280000.0 30.156074167442647
4290000.0 30.21861490432462
4300000.0 30.281392306504138
4310000.0 30.344881132973843
4320000.0 30.40841608083836
4330000.0 30.472176895578766
4340000.0 30.535581298494822
4350000.0 30.5993990925347
4360000.0 30.663393287137964
4370000.0 30.726758839565505
4380000.0 30.789864943036235
4390000.0 30.85271759157771
4400000.0 30.916334023018607
4410000.0 30.979905030022906
4420000.0 31.043193165853722
4430000.0 31.106763255617416
4440000.0 31.170718152066016
4450000.0 31.235022680392508
4460000.0 31.299133585887365
4470000.0 31.363349560200195
4480000.0 31.42650773640794
4490000.0 31.48989914368549
4500000.0 31.553442854850793
4510000.0 31.616299164620386
4520000.0 31.6788701272179
4530000.0 31.741159511337983
4540000.0 31.80382022235118
4550000.0 31.86648433333727
4560000.0 31.928931440075814
4570000.0 31.992141353309343
4580000.0 32.05577601875057
4590000.0 32.11928529009841
4600000.0 32.18172968346547
4610000.0 32.24394644557514
4620000.0 32.3053923302574
4630000.0 32.36784535905078
4640000.0 32.42907525184916
4650000.0 32.489405157507285
4660000.0 32.54961132594825
4670000.0 32.610873934727216
4680000.0 32.670360904692345
4690000.0 32.72949192719487
4700000.0 32.78816341740224
4710000.0 32.84755037519511
4720000.0 32.90630778398353
4730000.0 32.96479985840396
4740000.0 33.02386931679826
4750000.0 33.08328609510611
4760000.0 33.142821200073435
4770000.0 33.20240224386011
4780000.0 33.262975243430866
4790000.0 33.324338451904424
4800000.0 33.38534912370114
4810000.0 33.4463246758761
4820000.0 33.50681435675189
4830000.0 33.56770940788311
4840000.0 33.628455273395176
4850000.0 33.68961225939778
4860000.0 33.75080011543137
4870000.0 33.81228869129651
4880000.0 33.873531408767064
4890000.0 33.93589160292811
4900000.0 33.997396662294705
4910000.0 34.058687666641625
4920000.0 34.11981656727787
4930000.0 34.18034651764287
4940000.0 34.2407363550923
4950000.0 34.30034404665243
4960000.0 34.36064324323944
4970000.0 34.4212190364038
4980000.0 34.48216260341738
4990000.0 34.54201248485303
5000000.0 34.60261024482079
5010000.0 34.662281376520404
5020000.0 34.721393916932975
5030000.0 34.7804940620488
5040000.0 34.839990119027355
5050000.0 34.89991387454591
5060000.0 34.959663588057474
5070000.0 35.018643181713976
5080000.0 35.07737659908557
5090000.0 35.13638062257345
5100000.0 35.19513422210116
5110000.0 35.25393671350442
5120000.0 35.31233621676753
5130000.0 35.37031945881688
5140000.0 35.42753219062479
5150000.0 35.48485766912445
5160000.0 35.54300116734524
5170000.0 35.60095903825414
5180000.0 35.65862693052408
5190000.0 35.71566594506984
5200000.0 35.77375197123876
5210000.0 35.831848672098374
5220000.0 35.889659387539304
5230000.0 35.94723457091029
5240000.0 36.00372731211662
5250000.0 36.05978633529317
5260000.0 36.115715483744246
5270000.0 36.17155716480976
5280000.0 36.227333914172114
5290000.0 36.284111554961434
5300000.0 36.341547782431746
5310000.0 36.398548132701016
5320000.0 36.45638820340633
5330000.0 36.51452791053057
5340000.0 36.57259387193792
5350000.0 36.630248201141264
5360000.0 36.687861882408036
5370000.0 36.746110030083564
5380000.0 36.80482868325463
5390000.0 36.863011087587125
5400000.0 36.92152443038333
5410000.0 36.98083528872938
5420000.0 37.040142751519355
5430000.0 37.09985482239771
5440000.0 37.15916118753222
5450000.0 37.21641922337522
5460000.0 37.27528199845891
5470000.0 37.33533238666323
5480000.0 37.394651670763245
5490000.0 37.45358011675607
5500000.0 37.51289653063278
5510000.0 37.57205756768575
5520000.0 37.63095313639571
5530000.0 37.68903282299834
5540000.0 37.74884400664816
5550000.0 37.80905686221149
5560000.0 37.870443469954054
5570000.0 37.931870682209805
5580000.0 37.99347809368173
5590000.0 38.054391411959344
5600000.0 38.11582263433917
5610000.0 38.17782299473791
5620000.0 38.239568617539184
5630000.0 38.30024713157437
5640000.0 38.361565050093084
5650000.0 38.422372542718136
5660000.0 38.4827435972246
5670000.0 38.544003525979264
5680000.0 38.60404782935549
5690000.0 38.66378711033345
5700000.0 38.723127714965386
5710000.0 38.7820209950213
5720000.0 38.84097793879269
5730000.0 38.900236287229305
5740000.0 38.958986674381066
5750000.0 39.016913101134264
5760000.0 39.07505478649715
5770000.0 39.1335004802168
5780000.0 39.19112360825872
5790000.0 39.248662141613835
5800000.0 39.30622820818068
5810000.0 39.36471285067937
5820000.0 39.421686986669506
5830000.0 39.47852999648952
5840000.0 39.535641832718326
5850000.0 39.591804092987005
5860000.0 39.64816174716292
5870000.0 39.704360861399486
5880000.0 39.760733190947384
5890000.0 39.81853152147444
5900000.0 39.876091992278184
5910000.0 39.93256630579815
5920000.0 39.98946066378938
5930000.0 40.04598330892201
5940000.0 40.103124204365955
5950000.0 40.160110956714
5960000.0 40.216939439925554
5970000.0 40.27399927369484
5980000.0 40.330569365554354
5990000.0 40.38707522662985
6000000.0 40.44425037019613
6010000.0 40.50098667402402
6020000.0 40.55879149260474
6030000.0 40.61670522653001
6040000.0 40.67503160432403
6050000.0 40.732903031977855
6060000.0 40.79089433479159
6070000.0 40.84862425818806
6080000.0 40.90626103389871
6090000.0 40.964747001036514
6100000.0 41.02320398087353
6110000.0 41.08037141616947
6120000.0 41.137108552585794
6130000.0 41.19336484832201
6140000.0 41.24959453828952
6150000.0 41.306980768617045
6160000.0 41.364382612436444
6170000.0 41.42210590320814
6180000.0 41.47875230380475
6190000.0 41.53571289649184
6200000.0 41.59250107611649
6210000.0 41.64936684770355
6220000.0 41.70509072805733
6230000.0 41.76033788449536
6240000.0 41.81622762110392
6250000.0 41.87193833797723
6260000.0 41.927966370844125
6270000.0 41.9854616009909
6280000.0 42.042816927714966
6290000.0 42.09958511967441
6300000.0 42.15596847163184
6310000.0 42.21245096103465
6320000.0 42.268966853537734
6330000.0 42.32538538463016
6340000.0 42.38185821184988
6350000.0 42.43820945265329
6360000.0 42.49433504528203
6370000.0 42.551285994701004
6380000.0 42.60762989599902
6390000.0 42.663198500255966
6400000.0 42.71894501689646
6410000.0 42.77513252840809
6420000.0 42.83061321837792
6430000.0 42.88612584044602
6440000.0 42.94129731180595
6450000.0 42.99724697822913
6460000.0 43.05203267258275
6470000.0 43.10865329217936
6480000.0 43.1641294389764
6490000.0 43.22035919623015
6500000.0 43.277242865626775
6510000.0 43.33433812735873
6520000.0 43.39152874052551
6530000.0 43.448188465757546
6540000.0 43.505411493850055
6550000.0 43.5631376146505
6560000.0 43.62078761924705
6570000.0 43.67902685938488
6580000.0 43.73831886673144
6590000.0 43.79684993446477
6600000.0 43.85495726503148
6610000.0 43.913088953517594
6620000.0 43.970489836882436
6630000.0 44.0278193736621
6640000.0 44.08563798434945
6650000.0 44.1432836347769
6660000.0 44.20048773706591
6670000.0 44.25876537037297
6680000.0 44.31754645886009
6690000.0 44.37509558267341
6700000.0 44.43320474146752
6710000.0 44.49074704446301
6720000.0 44.54795233007337
6730000.0 44.60563559300847
6740000.0 44.6637672265481
6750000.0 44.722378523017966
6760000.0 44.780225219483114
6770000.0 44.83843287290084
6780000.0 44.89589182210927
6790000.0 44.954850604379374
6800000.0 45.01296083183951
6810000.0 45.07219979649062
6820000.0 45.13122774690812
6830000.0 45.190395291758904
6840000.0 45.25049722400879
6850000.0 45.311298117074514
6860000.0 45.370778057012984
6870000.0 45.431301899588554
6880000.0 45.49178607309605
6890000.0 45.55150316066079
6900000.0 45.61143070190478
6910000.0 45.67251651099309
6920000.0 45.73367443996787
6930000.0 45.79451593994968
6940000.0 45.85519580729525
6950000.0 45.916119142481136
6960000.0 45.977606007576206
6970000.0 46.03845294020483
6980000.0 46.09881978680304
6990000.0 46.159491126186694
7000000.0 46.22081020880485
7010000.0 46.28174002718991
7020000.0 46.34176263972342
7030000.0 46.402631740532584
7040000.0 46.46377511911464
7050000.0 46.52536325127003
7060000.0 46.586862378043456
7070000.0 46.64831858776251
7080000.0 46.70948959827567
7090000.0 46.77037646595147
7100000.0 46.83190323642134
7110000.0 46.89273636256499
7120000.0 46.954395538827626
7130000.0 47.01603484741348
7140000.0 47.076816828130156
7150000.0 47.13786225059037
7160000.0 47.19776694969363
7170000.0 47.2589601690308
7180000.0 47.319283719270445
7190000.0 47.37917920248902
7200000.0 47.43903370748164
7210000.0 47.49952605262953
7220000.0 47.559768172577535
7230000.0 47.62068631718401
7240000.0 47.68159034780959
7250000.0 47.74307943342345
7260000.0 47.805381273292504
7270000.0 47.86714672752756
7280000.0 47.928854000357504
7290000.0 47.98986388417804
7300000.0 48.05139944334011
7310000.0 48.11277272378114
7320000.0 48.17392033989808
7330000.0 48.235898815053424
7340000.0 48.29723456142974
7350000.0 48.360015887754614
7360000.0 48.42283280561068
7370000.0 48.485991353655436
7380000.0 48.54888161997199
7390000.0 48.61039042224464
7400000.0 48.67275758495231
7410000.0 48.73376702049878
7420000.0 48.79508516234725
7430000.0 48.85585150703806
7440000.0 48.9171182292042
7450000.0 48.97969179448518
7460000.0 49.04174751346555
7470000.0 49.10314753602219
7480000.0 49.1648090059591
7490000.0 49.22642467838418
7500000.0 49.2874578335109
