0.000000000000000000e+00
4.581104111656775224e-01
8.156715091195052558e-01
1.150901947662054781e+00
1.476704754164190225e+00
1.795622349534218287e+00
2.108370548705716718e+00
2.415811849544576617e+00
2.719549832701426695e+00
3.024401136792616462e+00
3.324137133810863620e+00
3.622670202480496648e+00
3.917364381236063231e+00
4.206916866165967939e+00
4.497940333085472808e+00
4.785089345803104521e+00
5.076036168386236724e+00
5.363615403110491897e+00
5.648937599555448941e+00
5.932900083141014136e+00
6.211646852184940393e+00
6.486667463810644740e+00
6.764028573396724475e+00
7.036313468142425087e+00
7.308004826595535519e+00
7.576589424508194170e+00
7.843153445566065862e+00
8.106553783710181094e+00
8.369403344781565224e+00
8.632874605389465827e+00
8.897360033954056391e+00
9.161206060032940357e+00
9.423833837939691094e+00
9.686565627287365032e+00
9.950845757290979421e+00
1.021323864271274928e+01
1.047799307488180887e+01
1.073731051665850522e+01
1.100229477287132340e+01
1.126840604339314922e+01
1.153100157780914081e+01
1.179451060584934652e+01
1.205938812288117212e+01
1.232042977184651811e+01
1.257560768089317627e+01
1.282894587434732969e+01
1.308597800118319832e+01
1.334012877500256522e+01
1.359489436996023137e+01
1.384828438829370789e+01
1.409723668863184542e+01
1.434026893139052383e+01
1.458752481287659997e+01
1.483258188912575726e+01
1.507455437173496549e+01
1.531456774243190111e+01
1.555398444038940120e+01
1.579496325882807639e+01
1.603879505549067730e+01
1.628095401147927035e+01
1.651991808010369667e+01
1.675796152915785697e+01
1.699367728443897363e+01
1.722771616621764323e+01
1.745648336197148254e+01
1.768344309830572669e+01
1.791071329881710739e+01
1.813793663592337779e+01
1.836754649078765311e+01
1.859664857884632028e+01
1.882212191933280820e+01
1.905015011831286031e+01
1.927853099398985748e+01
1.950725435842135269e+01
1.973644774125664014e+01
1.996626036882556221e+01
2.019932460198467439e+01
2.043153860938958388e+01
2.066170210671901941e+01
2.089039145607717174e+01
2.111968997308096263e+01
2.134507323832245618e+01
2.157032383276556686e+01
2.179723903621473724e+01
2.202247554776053917e+01
2.224892863878876526e+01
2.247501127838363999e+01
2.270194003092996837e+01
2.293156466124782966e+01
2.315745607967705055e+01
2.338247673932767867e+01
2.360982308388594575e+01
2.383725264517560660e+01
2.406522061749491570e+01
2.429476471278086436e+01
2.452321787523476360e+01
2.474802096509769456e+01
2.496897579547820456e+01
2.519428854717916266e+01
2.542543692939324629e+01
2.565210690130744098e+01
2.587506676540018802e+01
2.609816027533037186e+01
2.632040511488597545e+01
2.654028246208835995e+01
2.676083716341575069e+01
2.697925829331424907e+01
2.719689990562752868e+01
2.741670177063988589e+01
2.763356307633214826e+01
2.784635430534823186e+01
2.806408020242145440e+01
2.828249418915101288e+01
2.850225706539564996e+01
2.871959322762207734e+01
2.893409591177880102e+01
2.914678582557048969e+01
2.936541197513192714e+01
2.958332809265570873e+01
2.980166117370198009e+01
3.002178015953278489e+01
3.023495441999915556e+01
3.044569257857726541e+01
3.065868219338430833e+01
3.087167035182509167e+01
3.108096667430766402e+01
3.129019973404529864e+01
3.150066019209568324e+01
3.170669805280193287e+01
3.190966030886922411e+01
3.211380761573915521e+01
3.232148496255637582e+01
3.252774388314151821e+01
3.272724404976764845e+01
3.292880475618532898e+01
3.313332652243954612e+01
3.333933365301439267e+01
3.354161704484891260e+01
3.374488980085634893e+01
3.394660348089922053e+01
3.415247992758953899e+01
3.435810426789085881e+01
3.455738049930113220e+01
3.475692395255356359e+01
3.495414955959395797e+01
3.515881137195394501e+01
3.536178022638336671e+01
3.556468000890588854e+01
3.576987453103065207e+01
3.597404592360302189e+01
3.617544657527722052e+01
3.637537481569992792e+01
3.657731390488331868e+01
3.677902772629481376e+01
3.697665521916823650e+01
3.717830111974981833e+01
3.738055724036254190e+01
3.758160380346588170e+01
3.778092075133076122e+01
3.798273071083335850e+01
3.818672327880993578e+01
3.838856575830056528e+01
3.858972461138876753e+01
3.879375557223627169e+01
3.899616995968230526e+01
3.919846047740710304e+01
3.939672025413322842e+01
3.959813489297528832e+01
3.979987180307511352e+01
4.000285415267815381e+01
4.020652206412380281e+01
4.040714476156776414e+01
4.060570085696311793e+01
4.080282829856925986e+01
4.100027082234818465e+01
4.120437196696645543e+01
4.140984249604722578e+01
4.161216356502536939e+01
4.181720615659010321e+01
4.201806706498752675e+01
4.222154325350524573e+01
4.242345270358877940e+01
4.262230256640333437e+01
4.282679132792551258e+01
4.303341840991144807e+01
4.323620095217984272e+01
4.344311477330493432e+01
4.364807117630667221e+01
4.385772107392433128e+01
4.406392978623002676e+01
4.427225831513757726e+01
4.447516842441094553e+01
4.468019954214174305e+01
4.488535988233925877e+01
4.508742740061445176e+01
4.529222435655521650e+01
4.549808868406519480e+01
4.570529217345001882e+01
4.591371633596982349e+01
4.612044643502430574e+01
4.632824655608430930e+01
4.653645278430511212e+01
4.674564931412241009e+01
4.696235136692973811e+01
4.717774799627442661e+01
4.739499839228044920e+01
4.760827414992892415e+01
4.782171112580974892e+01
4.802745870641508219e+01
4.823445260162709047e+01
4.844352490851110105e+01
4.864748173679863896e+01
4.885423006994901840e+01
4.906353691537868400e+01
4.927444229866217995e+01
4.948092219217804200e+01
4.968747497774283062e+01
4.989120030761304037e+01
5.009562654657405290e+01
5.030583480727878509e+01
5.051364378132198851e+01
5.072555009438795537e+01
5.093318737955151221e+01
5.114143496968174674e+01
5.134763724568859544e+01
5.155447101176173419e+01
5.176061704560737553e+01
5.196821698744454920e+01
5.217106822076688388e+01
5.237064351228003289e+01
5.256825611502559070e+01
5.276790983507012101e+01
5.296799834862384415e+01
5.316722044523631752e+01
5.336614385893651047e+01
5.356570082115315046e+01
5.376587047834751587e+01
5.396970150877979933e+01
5.416947726640815119e+01
5.437161956835039689e+01
5.457437520327712122e+01
5.477454061923795336e+01
5.498070961965839132e+01
5.518541412432674065e+01
5.539617282134126697e+01
5.560625244140270240e+01
5.581547404715614391e+01
5.602875065863412374e+01
5.623699936160971902e+01
5.644820831431787411e+01
5.665961654685583682e+01
5.686913779426388516e+01
5.708024610998778314e+01
5.729271309491988262e+01
5.750361523501512551e+01
5.771573662076000488e+01
5.792602243341404034e+01
5.813824980241800233e+01
5.835047800686082553e+01
5.855608665828822978e+01
5.876282682484629305e+01
5.897463659947923276e+01
5.918334993564085522e+01
5.938553210481991584e+01
5.958413504450253839e+01
5.978780254186637677e+01
5.999183426818606790e+01
6.019522360366007518e+01
6.039524579423455464e+01
6.059580532324309843e+01
6.079863658014374295e+01
6.100244978533818596e+01
6.120880207541418372e+01
6.141762521319433432e+01
6.162803765199591766e+01
6.183634835466725832e+01
6.204459297595718681e+01
6.224667944346298043e+01
6.245047013477412889e+01
6.264573694511244639e+01
6.284490275813387683e+01
6.304526468763945957e+01
6.324008985283528972e+01
6.343537329936754787e+01
6.363287468039182926e+01
6.383102823627690725e+01
6.403681286393269545e+01
6.423710214786497374e+01
6.444107984886075258e+01
6.464468201724942276e+01
6.484865886900738019e+01
6.505354591998330704e+01
6.526102205428325931e+01
6.547042378538189666e+01
6.567562088902776907e+01
6.587606821776481070e+01
6.607553852258247673e+01
6.627267950237680338e+01
6.646797087971667395e+01
6.666987095826196708e+01
6.686694247119834245e+01
6.706203014002394980e+01
6.725811514279634196e+01
6.745651143313939713e+01
6.765100151440495324e+01
6.784252380491777501e+01
6.802926429778301554e+01
6.821167019755606020e+01
6.839662992132656427e+01
6.858425465066088123e+01
6.876752547301428820e+01
6.895101118399490758e+01
6.913138492789369138e+01
6.931749921772794210e+01
6.949945482755059345e+01
6.967843950735650083e+01
6.985976096706976080e+01
7.004123685016431011e+01
7.022397489758709810e+01
7.040326465280334389e+01
7.058530633739729865e+01
7.076905210423311132e+01
7.095401580183806800e+01
7.113949805249679059e+01
7.132653429641989362e+01
7.151249699874055921e+01
7.170237909956544797e+01
7.189720220824155206e+01
7.208562125541867260e+01
7.228716698553775188e+01
7.248469803077334461e+01
7.268272216492887594e+01
7.288430175649318699e+01
7.308202248115767929e+01
7.328321460796868791e+01
7.347627501005635509e+01
7.366839209020734813e+01
7.386381026241828351e+01
7.406195395028976236e+01
7.426351606735553901e+01
7.446207552093929394e+01
7.466511848982155186e+01
7.486783286655614233e+01
7.506720963765320676e+01
7.527580441373113729e+01
7.547658623029450098e+01
7.567888373233533628e+01
7.587845259636360140e+01
7.607339556880860698e+01
7.627320988539625546e+01
7.647414012549010920e+01
7.666840997220730003e+01
7.686021785485853286e+01
7.705761506735254329e+01
7.724606495601233291e+01
7.743718989662137631e+01
7.762952498099315335e+01
7.782138098378914037e+01
7.800617117320850014e+01
7.820113582962733290e+01
7.840081095994607097e+01
7.859224012595110764e+01
7.878284616030951781e+01
7.897660114127468489e+01
7.916902538993480221e+01
7.936206657371458562e+01
7.955434884153552844e+01
7.974741524474136156e+01
7.994315028446493443e+01
8.014071515745688146e+01
8.033496735210979978e+01
8.052550770686569592e+01
8.071537826164799867e+01
8.090615195553058925e+01
8.108812884377476848e+01
8.127301590459755687e+01
8.145916846683584822e+01
8.164612684106862162e+01
8.183674805354388582e+01
8.202547347542996192e+01
8.221233159026958504e+01
8.239994369647175176e+01
8.258605272191545055e+01
8.277783285265073232e+01
8.297203425471647620e+01
8.316265029517207097e+01
8.335623116798262799e+01
8.355026257767860898e+01
8.374514717769638139e+01
8.393326292267656186e+01
8.412083816882622500e+01
8.430307421975764726e+01
8.449194788584757987e+01
8.467812735644072575e+01
8.486113251127477497e+01
8.504080536108290289e+01
8.522180693945574603e+01
8.540709046989006481e+01
8.559657349705682350e+01
8.577932278678571265e+01
8.596745933075634127e+01
8.615297195264487584e+01
8.634194258523758947e+01
8.653050891503939113e+01
8.671916176697499168e+01
8.690455889812223234e+01
8.709202450872845702e+01
8.728150837978820675e+01
8.746413274093987411e+01
8.764533476965138448e+01
8.782290996341717459e+01
8.800587379905525154e+01
8.818291177530663560e+01
8.835152162448514446e+01
8.852052238659243244e+01
8.869089308002648409e+01
8.886044278887302994e+01
8.903217184687885322e+01
8.920637020025728248e+01
8.938403405660636736e+01
8.956105771482907585e+01
8.974566615554176963e+01
8.992798555897634571e+01
9.010816567758085682e+01
9.029318055276473842e+01
9.047808100333911341e+01
9.066133643996394653e+01
9.085045383858997070e+01
9.104219087805273602e+01
9.123003267945621531e+01
9.141950270495368613e+01
9.161415005538549394e+01
9.180744488622217148e+01
9.200044931571036955e+01
9.219494231964425524e+01
9.238339446313443659e+01
9.257421348336498568e+01
9.275848519927448876e+01
9.294153188422824030e+01
9.312119042118813184e+01
9.329918533393929181e+01
9.347892432283977371e+01
9.365742883782893102e+01
9.383852030545730827e+01
9.401780639617373936e+01
9.419229027694076706e+01
9.437403681763562702e+01
9.455276737456760827e+01
9.473387731623803631e+01
9.491297925677288561e+01
9.508845898220927495e+01
9.526133600541291457e+01
9.543917474835772907e+01
9.561623424194976906e+01
9.579585890910313140e+01
9.596710804043328835e+01
9.613819963653941159e+01
9.631612284438013205e+01
9.649097915604903619e+01
9.666936591431596071e+01
9.684836576810137387e+01
9.702386849171544725e+01
9.719755197247695833e+01
9.737419976385291420e+01
9.754705434015723142e+01
9.771970673704973365e+01
9.790019691615509601e+01
9.808243043709069298e+01
9.825954038553494740e+01
9.842928795080469229e+01
9.859940608625305458e+01
9.876564327381795749e+01
9.893580443737891983e+01
9.911229485028965769e+01
9.929522666743827131e+01
9.947381717764808684e+01
9.965014182052722447e+01
9.981964098756139947e+01
9.998394621373509494e+01
1.001510612397795370e+02
1.003189930711014881e+02
1.004891718294498020e+02
1.006571617304771848e+02
1.008226892619169348e+02
1.009859062755629111e+02
1.011556222011977724e+02
1.013228711057180647e+02
1.014956341014226950e+02
1.016686718732046728e+02
1.018405154574209917e+02
1.019992304375435737e+02
1.021552832384809761e+02
1.023156262370673346e+02
1.024708222901029444e+02
1.026189277760805112e+02
1.027705949984496669e+02
1.029377904039355229e+02
1.031046980495905530e+02
1.032598280409280989e+02
1.034281787555321870e+02
1.035926894945859402e+02
1.037558673114006780e+02
1.039170910594012582e+02
1.040764926637307184e+02
1.042375189460171470e+02
1.043882561943039917e+02
1.045338864829027301e+02
1.046820443229367470e+02
1.048335705651158491e+02
1.049807487897790850e+02
1.051245177110415057e+02
1.052704385612080955e+02
1.054113221031557543e+02
1.055555609604575409e+02
1.056943830746995872e+02
1.058304248732136443e+02
1.059705118435457791e+02
1.061189508390450413e+02
1.062630820275983012e+02
1.064029028274622277e+02
1.065410921554089470e+02
1.066846754671460786e+02
1.068264471940500755e+02
1.069615498533047457e+02
1.070980993589480050e+02
1.072421642860453233e+02
1.073845762160270567e+02
1.075130995573508272e+02
1.076424354228173712e+02
1.077718432981797605e+02
1.079050528083698026e+02
1.080371550029610859e+02
1.081753958941406353e+02
1.083085545536739289e+02
1.084359286317068438e+02
1.085626005291612159e+02
1.086817483191640434e+02
1.088038290197586804e+02
1.089248227243320031e+02
1.090415400770895360e+02
1.091675773273759233e+02
1.092899469408619098e+02
1.094163447764676107e+02
1.095443443794012524e+02
1.096702794201885496e+02
1.097922137916409469e+02
1.099077205443894485e+02
1.100198183678169244e+02
1.101353569144486642e+02
1.102532368396901745e+02
1.103791818805199512e+02
1.104989070553515234e+02
1.106222943477725380e+02
1.107442509656787735e+02
1.108741150511564229e+02
1.109996640450627297e+02
1.111213002891583130e+02
1.112448415114949825e+02
1.113588830874360838e+02
1.114729437295084580e+02
1.115899210016711578e+02
1.117157773469057247e+02
1.118371085553657878e+02
1.119546937531918047e+02
1.120628944890490715e+02
1.121713793985783099e+02
1.122842200554250098e+02
1.123960731075103894e+02
1.125120577207481176e+02
1.126233900396553196e+02
1.127322663904731002e+02
1.128393190708715395e+02
1.129454872440203701e+02
1.130529298660711817e+02
1.131597830830858840e+02
1.132611098040875106e+02
1.133618588864987800e+02
1.134556665575269960e+02
1.135510257860900794e+02
1.136454038779424849e+02
1.137466683366804716e+02
1.138428532869695005e+02
1.139388230687463590e+02
1.140648470644441517e+02
1.141827085193562681e+02
1.143003871121371446e+02
1.144169441288594982e+02
1.145370874233270797e+02
1.146589270077731300e+02
1.147891101832431247e+02
1.149191911145155274e+02
1.150500087462945942e+02
1.151760150540913941e+02
1.153057703512737930e+02
1.154343386650137262e+02
1.155627924346355826e+02
1.156859245233381586e+02
1.158121196623068556e+02
1.159451176350966648e+02
1.160770449507846251e+02
1.162182414498020790e+02
1.163682353870029118e+02
1.165188367016358626e+02
1.166670172127012819e+02
1.168227628602488863e+02
1.169807867443398521e+02
1.171404988563992333e+02
1.173069039304333216e+02
1.174678295515034279e+02
1.176306298192351392e+02
1.177882137018208937e+02
1.179459646766275114e+02
1.180950634400388566e+02
1.182343381297094993e+02
1.183779606093924173e+02
1.185161717861788446e+02
1.186545490233421845e+02
1.188002814454879399e+02
1.189309170045393955e+02
1.190558335724221166e+02
1.191735277830458131e+02
1.192845307535445443e+02
1.193961796387626890e+02
1.195136510085771846e+02
1.196314161307774384e+02
1.197504291596671209e+02
1.198721697725598574e+02
1.199914673489917618e+02
1.201133314407550614e+02
1.202349142314926951e+02
1.203458119054784987e+02
1.204582397086270475e+02
1.205710943052522168e+02
1.206931209134406231e+02
1.208170095199547518e+02
1.209435599651433932e+02
1.210736973340603129e+02
1.211979686195638237e+02
1.213224422919691960e+02
1.214446651406714892e+02
1.215637536208625562e+02
1.216793654120744037e+02
1.218015709690910739e+02
1.219163566035002759e+02
1.220326282638777826e+02
1.221440248943059999e+02
1.222513609004461301e+02
1.223542395159426661e+02
1.224542433269633364e+02
1.225560715984964730e+02
1.226586575493708438e+02
1.227552636548124951e+02
1.228438522071316470e+02
1.229279435984870759e+02
1.230323254196648008e+02
1.231379709333318857e+02
1.232462645259842731e+02
1.233490999082529243e+02
1.234582088882256272e+02
1.235641698822671941e+02
1.236656773655479356e+02
1.237610334900482343e+02
1.238561114914453327e+02
1.239567598450234129e+02
1.240564790624169405e+02
1.241593246126121244e+02
1.242576312532236642e+02
1.243609725530798045e+02
1.244667708277008131e+02
1.245789972290288858e+02
1.246895230244609820e+02
1.248058159782129763e+02
1.249197039935592528e+02
1.250267874273552593e+02
1.251441750022488151e+02
1.252608874070078713e+02
1.253767339517454218e+02
1.254945199581411970e+02
1.256038628994371749e+02
1.257144074849559985e+02
1.258260079893680512e+02
1.259409141216368795e+02
1.260523356866860212e+02
1.261689653854347739e+02
1.262933886713161939e+02
1.264125356769159936e+02
1.265284160737819548e+02
1.266457040335246518e+02
1.267643170650860185e+02
1.268760305088411826e+02
1.269797807600037203e+02
1.270818227795875401e+02
1.271821113894611557e+02
1.272762684950869101e+02
1.273787179339927320e+02
1.274900571188234011e+02
1.276002159083288916e+02
1.277138394360937639e+02
1.278276108014668324e+02
1.279361145664828854e+02
1.280407651494799381e+02
1.281511394172630673e+02
1.282647954855067667e+02
1.283757197698344044e+02
1.284793054710461035e+02
1.285809777110056018e+02
1.286875307662365344e+02
1.288007499202876147e+02
1.289073912878478154e+02
1.290060009153955605e+02
1.291056886301493023e+02
1.292065290926002206e+02
1.293199894397374692e+02
1.294249442997187316e+02
1.295248567222783151e+02
1.296324396748104562e+02
1.297404038949291021e+02
1.298544782211048698e+02
1.299635174072519419e+02
1.300711017829599143e+02
1.301835949909987278e+02
1.302887727600728738e+02
1.303892487779510247e+02
1.305027209710954423e+02
1.306161138541540652e+02
1.307340779144679175e+02
1.308503284625161314e+02
1.309756868476371210e+02
1.311034298745365447e+02
1.312343326417436913e+02
1.313752833009931749e+02
1.315083369959300796e+02
1.316364875768074683e+02
1.317768209001163200e+02
1.319155495583831623e+02
1.320501697654728162e+02
1.321845920396685869e+02
1.323220255608739535e+02
1.324585838379883853e+02
1.326028289259057829e+02
1.327508839628907538e+02
1.328953117788765041e+02
1.330385582363812205e+02
1.331821010341524811e+02
1.333336093232181270e+02
1.334836886098990192e+02
1.336293334485635000e+02
1.337857334307564372e+02