0.000000000000000000e+00
2.649056939201756625e-02
4.188884123743888410e-02
5.533528263917038975e-02
6.786476827017200175e-02
7.979985476415880907e-02
9.133080477525080954e-02
1.025054775667158941e-01
1.132422621503505339e-01
1.237342602494760913e-01
1.340735540716048446e-01
1.442933988993363725e-01
1.544428670174284035e-01
1.644942271735710670e-01
1.742493743158202713e-01
1.839553851957774211e-01
1.934981663087827486e-01
2.031601948853002937e-01
2.126767439673119819e-01
2.220349873347006453e-01
2.315317210312698437e-01
2.410811540006809195e-01
2.502770873361443438e-01
2.596286518288224987e-01
2.688541952468503360e-01
2.781021218755252988e-01
2.873749038612584683e-01
2.965877561397577411e-01
3.058943591911756910e-01
3.151180059399152911e-01
3.244415698374533696e-01
3.336632301098440556e-01
3.427835567476739120e-01
3.518430544303415841e-01
3.610031500531319937e-01
3.699963942523469274e-01
3.789526185080365206e-01
3.877831123057196017e-01
3.964873885941858633e-01
4.050128510432012274e-01
4.135296455612058608e-01
4.222381535895173843e-01
4.310154361777887022e-01
4.397708354574216827e-01
4.483979796688386532e-01
4.570920767951071051e-01
4.656564414085134773e-01
4.741540231283626894e-01
4.827070889297910283e-01
4.912904063287223955e-01
4.998403111561580126e-01
5.083636568484135587e-01
5.168321406149340991e-01
5.252733838021391710e-01
5.336938632083603196e-01
5.419830480730868372e-01
5.504987349321420753e-01
5.590247922945256187e-01
5.675445221022757947e-01
5.759473951827412952e-01
5.843229254004832507e-01
5.925974253244350454e-01
6.008906308752420822e-01
6.091507611687139168e-01
6.174311136952016499e-01
6.255093953664879747e-01
6.333611874886969639e-01
6.413083902447410667e-01
6.491142138998361455e-01
6.570247786204673757e-01
6.650654497442777258e-01
6.731070603630725513e-01
6.810803040583617296e-01
6.889416769433273080e-01
6.969141693947713545e-01
7.049290067584487174e-01
7.128721931783086330e-01
7.207906749900798715e-01
7.287078178965649133e-01
7.364771341892668577e-01
7.444335630408649429e-01
7.521926508516092458e-01
7.600869090022711605e-01
7.679263577105446270e-01
7.756809341243987577e-01
7.832396047469338818e-01
7.908203656294372497e-01
7.984720216906516788e-01
8.061027776882999651e-01
8.136921856368946049e-01
8.212516072844489035e-01
8.287828809357901116e-01
8.362510588227064501e-01
8.437899830990801542e-01
8.512817481826616683e-01
8.587347605284952889e-01
8.661944934894990622e-01
8.736634316972964331e-01
8.812484633120539756e-01
8.887149870886478231e-01
8.960015622264529966e-01
9.034250320763134168e-01
9.108055978674477471e-01
9.182719555217890850e-01
9.256285598237721235e-01
9.329940126610516415e-01
9.404900811084222489e-01
9.479586257533734184e-01
9.553264998124049168e-01
9.628145614813751196e-01
9.703505314206388732e-01
9.779392200952453651e-01
9.856026922228571241e-01
9.933408562384414831e-01
1.000810412763019075e+00
1.008314502385626366e+00
1.015801472832489116e+00
1.023129819990164613e+00
1.030526198355081302e+00
1.037912715305646660e+00
1.045128412236209225e+00
1.052467828558650398e+00
1.059889726150989420e+00
1.067134636527138802e+00
1.074395967157562026e+00
1.081716289888216220e+00
1.089055798682820209e+00
1.096672365102371094e+00
1.103888614314822991e+00
1.111259159237154792e+00
1.118414409920765795e+00
1.125738024539629567e+00
1.133043521511962748e+00
1.140242983397904419e+00
1.147495456090610766e+00
1.154775473030612565e+00
1.162146751581887738e+00
1.169389977114685175e+00
1.176715738121850263e+00
1.184068542352790576e+00
1.191499561422331377e+00
1.198974625073174316e+00
1.206296918903850379e+00
1.213600904441410888e+00
1.220973625179005984e+00
1.228073438045467425e+00
1.235204715707284295e+00
1.242323267148212285e+00
1.249560273355696749e+00
1.256607102940521470e+00
1.263730782907673600e+00
1.270939903877554178e+00
1.278109664557149472e+00
1.285235000619279866e+00
1.292329574217720989e+00
1.299451919522433441e+00
1.306483730584407699e+00
1.313659927411222617e+00
1.320680244603384956e+00
1.327699752409390976e+00
1.334760765044881836e+00
1.341863698937534544e+00
1.348868123796382879e+00
1.355997217330112914e+00
1.362998503514827986e+00
1.369946310550240520e+00
1.376832163142911236e+00
1.383813891355198500e+00
1.390716835984288080e+00
1.397752227330626651e+00
1.404798608342203048e+00
1.411693867000034297e+00
1.418769925281368804e+00
1.425700362168764279e+00
1.432476117275623517e+00
1.439291232179376268e+00
1.446159114311199145e+00
1.453100112026709967e+00
1.459671372735517503e+00
1.466324304007798451e+00
1.472963180284512896e+00
1.479538920059277229e+00
1.486226882889844836e+00
1.492999691846548238e+00
1.499867069064773295e+00
1.506618718333405438e+00
1.513532618050563272e+00
1.520419633616861832e+00
1.527534260337983563e+00
1.534548308737881062e+00
1.541554798746643584e+00
1.548318924523133910e+00
1.555136611463971530e+00
1.562034342313159518e+00
1.569048260398926198e+00
1.576068280759408857e+00
1.583002351919433615e+00
1.589902083753507167e+00
1.596780043336991417e+00
1.603735106959291112e+00
1.610669389569398424e+00
1.617470666340013796e+00
1.624211049973970589e+00
1.631177028436844312e+00
1.638261043264639838e+00
1.645197657167733363e+00
1.652129175490386404e+00
1.659132660271669168e+00
1.666148840032883882e+00
1.673150463497504736e+00
1.679965217347349826e+00
1.686787063147061394e+00
1.693581457311093219e+00
1.700369851044368552e+00
1.707296148372148270e+00
1.714032363140948201e+00
1.720678594374232873e+00
1.727375269695306415e+00
1.733993480668559739e+00
1.740519244750249106e+00
1.747135714558267106e+00
1.753536411214958735e+00
1.760176160889332264e+00
1.766685138342061423e+00
1.773145984949465070e+00
1.779747244138419893e+00
1.786367522082277670e+00
1.793047081692369149e+00
1.799751311829209222e+00
1.806222756968635323e+00
1.812529762613405593e+00
1.818816169596223942e+00
1.825225026513400017e+00
1.831606652918748024e+00
1.838083195404066394e+00
1.844417067894802420e+00
1.851057373461938438e+00
1.857661679237103014e+00
1.864204527153265678e+00
1.870701005845556875e+00
1.877395284741819381e+00
1.883922538297271077e+00
1.890555577597664794e+00
1.897296485536833055e+00
1.904074669884158855e+00
1.910749902169606607e+00
1.917392621596458957e+00
1.924099241562888585e+00
1.930818440713839568e+00
1.937623434815180401e+00
1.944279594879976036e+00
1.950879542822105961e+00
1.957697260415185214e+00
1.964473156915122809e+00
1.971365151498366552e+00
1.978279499358154059e+00
1.984957797581214711e+00
1.991613022332854532e+00
1.998329639711145633e+00
2.005093583612585828e+00
2.011646205168745816e+00
2.018307096380675070e+00
2.024987121718380134e+00
2.031828684282075415e+00
2.038635632450644941e+00
2.045372319440128539e+00
2.052242272205019535e+00
2.058839320071180090e+00
2.065344698689944192e+00
2.072021975191556287e+00
2.078553626301868018e+00
2.085096400881858880e+00
2.091603758183768313e+00
2.098037904109224083e+00
2.104371200697954247e+00
2.110827410954711603e+00
2.117524905965975979e+00
2.124138788152593715e+00
2.130793343481252489e+00
2.137229938050003053e+00
2.144000982092733043e+00
2.150521958053165150e+00
2.157112350153392200e+00
2.163736763486212134e+00
2.170482567294544474e+00
2.177219473587023391e+00
2.183976854249824573e+00
2.190670894667631430e+00
2.197418505834156210e+00
2.204138347205339077e+00
2.210819652291136084e+00
2.217525787478687782e+00
2.224000319393252045e+00
2.230488310661263185e+00
2.237000528790314746e+00
2.243523881002418729e+00
2.249941461204201687e+00
2.256382057060446478e+00
2.262738134719436633e+00
2.269192464390724862e+00
2.275755430590075346e+00
2.282205597056520929e+00
2.288688109832244244e+00
2.295277042069536311e+00
2.302069965380461269e+00
2.308809059075060066e+00
2.315621170841444698e+00
2.322533733182761573e+00
2.329546551076634220e+00
2.336262417649648704e+00
2.343088288234528083e+00
2.349931280283218626e+00
2.356730807008910134e+00
2.363540000935283825e+00
2.370307235937881174e+00
2.377110652391582146e+00
2.383855486958073477e+00
2.390571470045945279e+00
2.397094841420031042e+00
2.403673527352034434e+00
2.410108491009086418e+00
2.416573709665713832e+00
2.423217471909781207e+00
2.429834703883142044e+00
2.436291940747807860e+00
2.442824283850163702e+00
2.449382905330675264e+00
2.455936097849963584e+00
2.462619949181387380e+00
2.469305930093661061e+00
2.475794343399794428e+00
2.482264185071369589e+00
2.488702267223636966e+00
2.495150240683193132e+00
2.501650621243065586e+00
2.508330599263203453e+00
2.514845789971044798e+00
2.521334706525419911e+00
2.527831021168391423e+00
2.534389237759444580e+00
2.540870438246049190e+00
2.547560802988541262e+00
2.554234868081982857e+00
2.560601258229512567e+00
2.567173372691506916e+00
2.573568245880995420e+00
2.579990673618114627e+00
2.586354899726820200e+00
2.592816521035447241e+00
2.599000837356441718e+00
2.605297045997294170e+00
2.611544987615126434e+00
2.617874889437906472e+00
2.624332642878967725e+00
2.630731967920621805e+00
2.637172813214820888e+00
2.643500114221170261e+00
2.649729425495157553e+00
2.656270217146861068e+00
2.663011856574751590e+00
2.669986442653992320e+00
2.676849483287641718e+00
2.683576886545901985e+00
2.690373438350586621e+00
2.697201498109821571e+00
2.704196415314772395e+00
2.711174342800966475e+00
2.718135109603163624e+00
2.725090478207455646e+00
2.732200964559085232e+00
2.739267879142430306e+00
2.746191154513462518e+00
2.753406150838148214e+00
2.760629477297513290e+00
2.767722888762527589e+00
2.774847190016436205e+00
2.782205552974611695e+00
2.789226349897844681e+00
2.796227521801597948e+00
2.803193829641108525e+00
2.810032968714615276e+00
2.817135685128894451e+00
2.824079810549541492e+00
2.831325808634240992e+00
2.838413019538969184e+00
2.845671078492655326e+00
2.852859707923290689e+00
2.860019088932709508e+00
2.867151735286564751e+00
2.874328898549529665e+00
2.881459456115629703e+00
2.888487769607121169e+00
2.895614193335591224e+00
2.902655305469631131e+00
2.909592995006637928e+00
2.916633173702127380e+00
2.923744007771655884e+00
2.930832853212003375e+00
2.937869153153955804e+00
2.944860795899709949e+00
2.951947428176760369e+00
2.958812652977010238e+00
2.965809478166253399e+00
2.972990254575681224e+00
2.980255030239761904e+00
2.987397088983508642e+00
2.994728765426445172e+00
3.002160034438041691e+00
3.009407252080511075e+00
3.016696868994251268e+00
3.024092370771628513e+00
3.031371056933368280e+00
3.038327685420507684e+00
3.045354688454469105e+00
3.052476906448882144e+00
3.059709584884152012e+00
3.066866045104213345e+00
3.074172391885465316e+00
3.081220851138913197e+00
3.088406275124996991e+00
3.095513657893419701e+00
3.102301150100573945e+00
3.109282314261868851e+00
3.116505542298947162e+00
3.123412306908897929e+00
3.130450052774492065e+00
3.137462384710623553e+00
3.144339215477356397e+00
3.151405874301230980e+00
3.158466836622805474e+00
3.165471254923982514e+00
3.172526372075753720e+00
3.179630303906680666e+00
3.186664031514240492e+00
3.193647317960374821e+00
3.200623164780259433e+00
3.207463265134204988e+00
3.214207308567577304e+00
3.220936194739157710e+00
3.227807070276182078e+00
3.234585422646874875e+00
3.241207979599022515e+00
3.247865012830609466e+00
3.254625125550918874e+00
3.261556168524296417e+00
3.268402699983124382e+00
3.275181344551708396e+00
3.282079976297312296e+00
3.288872362212358347e+00
3.295803932054222507e+00
3.302641886750239841e+00
3.309493519581213405e+00
3.316362044006627485e+00
3.323264008814027282e+00
3.330128760954545353e+00
3.336873189977533904e+00
3.343542700026497005e+00
3.350190663762631527e+00
3.357068252843528278e+00
3.363842582564348316e+00
3.370492373862520541e+00
3.377429453654397395e+00
3.384405444330062185e+00
3.391414478243971242e+00
3.398196655818592760e+00
3.404872005366590848e+00
3.411563915671613323e+00
3.418043116340845788e+00
3.424592786134593503e+00
3.431410556044756088e+00
3.437916597309430333e+00
3.444571082755351288e+00
3.451140669900488067e+00
3.457617404998343691e+00
3.464182919901638957e+00
3.470763129026589233e+00
3.477581206468165043e+00
3.484381785074291304e+00
3.490940287771922446e+00
3.497559280159253436e+00
3.504047077309604852e+00
3.510655733955286184e+00
3.517277083238854019e+00
3.523892627697363000e+00
3.530632414678069875e+00
3.537320591778548184e+00
3.543991060372987612e+00
3.550719406378789245e+00
3.557376241645728854e+00
3.563930145394002658e+00
3.570469158341013749e+00
3.577050792288745118e+00
3.583470926885242047e+00
3.589964193399891812e+00
3.596435814314836499e+00
3.602933121839631436e+00
3.609422843104163725e+00
3.615821180863890483e+00
3.622405918421121029e+00
3.629147802030180170e+00
3.635959484061046076e+00
3.642713517569379889e+00
3.649367845794424969e+00
3.655966939757139045e+00
3.662614482250037273e+00
3.669262795539561139e+00
3.675949824845364144e+00
3.682790586984431069e+00
3.689396353519907912e+00
3.696126608450705398e+00
3.703024661060672518e+00
3.709959726363032839e+00
3.716767173514473388e+00
3.723642599723201663e+00
3.730406208656142919e+00
3.737070276030281857e+00
3.743912283712499622e+00
3.750822645145571066e+00
3.757504810866673317e+00
3.764385486586514507e+00
3.771063997786344046e+00
3.777873810961024592e+00
3.784591743978740208e+00
3.791057292755531272e+00
3.797587587735401726e+00
3.804319965183172059e+00
3.810907306321021260e+00
3.817544997374991311e+00
3.824447009534833963e+00
3.831506746069716751e+00
3.838322875616171359e+00
3.845181220864373195e+00
3.852089432165747063e+00
3.859093748670788138e+00
3.866194717842108997e+00
3.873108902860503022e+00
3.880012883399083456e+00
3.886900675793806492e+00
3.894049605937291325e+00
3.901319310042608901e+00
3.908391435644112288e+00
3.915676755931684294e+00
3.923013287246007508e+00
3.930249701023029285e+00
3.937486072058645536e+00
3.944727393414904970e+00
3.952035264204799780e+00
3.959144219934735087e+00
3.966084080161462744e+00
3.973123427848927580e+00
3.980119424264370487e+00
3.987216845532078668e+00
3.994275985591795308e+00
4.001390689006368184e+00
4.008494434255765348e+00
4.015738995606851880e+00
4.022671873260599718e+00
4.029691324220197046e+00
4.036518967810740044e+00
4.043461501055973351e+00
4.050275249138795886e+00
4.057101918593356338e+00
4.063808535102714004e+00
4.070396871986120324e+00
4.077202056643692174e+00
4.084212103164270857e+00
4.090975535493650561e+00
4.097843684889491023e+00
4.104675694710248735e+00
4.111499976951533242e+00
4.118334127462459193e+00
4.125202856601548618e+00
4.132109745603149698e+00
4.138952035305128341e+00
4.145854120015154187e+00
4.152604358903473347e+00
4.159379187390271682e+00
4.166035822988750859e+00
4.172972263210542820e+00
4.179775842033400579e+00
4.186727899789072005e+00
4.193663079016062945e+00
4.200721498310178603e+00
4.207555858072275612e+00
4.214369167643657654e+00
4.221125064354106726e+00
4.228096905598400568e+00
4.235114570497597875e+00
4.242232498856789213e+00
4.249385884756836873e+00
4.256576831240498571e+00
4.263787251324031580e+00
4.270842201060323973e+00
4.277826390911776855e+00
4.285006308478849668e+00
4.292155764504019366e+00
4.299292953412798823e+00
4.306142014581150868e+00
4.313113057126612304e+00
4.320225889077198289e+00
4.327163105510622998e+00
4.334258304809663009e+00
4.341354013773838894e+00
4.348386197431965527e+00
4.355619098182136995e+00
4.362553984114653005e+00
4.369596042115801104e+00
4.376661861333105641e+00
4.383525079539655422e+00
4.390518097751193949e+00
4.397503650807115250e+00
4.404510060862858012e+00
4.411757264307597737e+00
4.418864576783225750e+00
4.425957746319527431e+00
4.433036730104905843e+00
4.440147396679837044e+00
4.447154747700707844e+00
4.454447663243999322e+00
4.461387016474381184e+00
4.468231647540862994e+00
4.475105615702537953e+00
4.482091960493617577e+00
4.488948013461626196e+00
4.495832104043109290e+00
4.502698207676919750e+00
4.509480909410856775e+00
4.516125669977862245e+00
4.523088966469257954e+00
4.529903862812192372e+00
4.536559403797713941e+00
4.543313494467959401e+00
4.549883156260344563e+00
4.556713750431043763e+00
4.563631613162766776e+00
4.570495194992397536e+00
4.577285971662875319e+00
4.584112302837366038e+00
4.590682274348102609e+00
4.597150695069283088e+00
4.603774579626886521e+00
4.610177485742871006e+00
4.616600908572681128e+00
4.623054784898779523e+00
4.629308024821274792e+00
4.635543071174462071e+00
4.641888494220093087e+00
4.648012278541385989e+00
4.654332879894764297e+00
4.660758756364987043e+00
4.667135709421714296e+00
4.673643477782753131e+00
4.680287688224625597e+00
4.686807742185767900e+00
4.693306568827827263e+00
4.699680993415443098e+00
4.705877854944826133e+00
4.712265018615586776e+00
4.718499522418200698e+00
4.724734580057195821e+00
4.730777416494566623e+00
4.736937364592023414e+00
4.743275626883669993e+00
4.749375944943960981e+00
4.755466034570085654e+00
4.761537788370844737e+00
4.767476168452677854e+00
4.773263787729096208e+00
4.779152587192080581e+00
4.785251770779424874e+00
4.791407986526286855e+00
4.797669069274504317e+00
4.803976655307193866e+00
4.810502838812426241e+00
4.817031846112244331e+00
4.823451237149321891e+00
4.829647315736553814e+00
4.835821066187172335e+00
4.842026779003127501e+00
4.848284551926245634e+00
4.854614437311097319e+00
4.860686783472124795e+00
4.867139879327130991e+00
4.873516840899062785e+00
4.879868590609019563e+00
4.886472746726285621e+00
4.893107342655883762e+00
4.899635470207456933e+00
4.906218648826542683e+00
4.912796046124565663e+00
4.919453914816799056e+00
4.926126689157352523e+00
4.932631308918170809e+00
4.939323919506973581e+00
4.946128037469366134e+00
4.952804212509747117e+00
4.959390614857212221e+00
4.965866699185825794e+00
4.972557218873465246e+00
4.979328692594346961e+00
4.986237400300582046e+00
4.992974725291847271e+00
4.999864057745128321e+00
5.006595751487273205e+00
5.013503850596581657e+00
5.020358595118290523e+00
5.027233028251431257e+00
5.034201388350933115e+00
5.041200204470191792e+00
5.048181788073868859e+00
5.055256917641854031e+00
5.062380763328272693e+00
5.069520786313951533e+00
5.076840330511571686e+00
5.084233355428002810e+00
5.091177676783190442e+00
5.098135133882696124e+00
5.105147414721742827e+00
5.112008989946536630e+00
5.119056735284966742e+00
5.125904772752114091e+00
5.132881854587894033e+00
5.139871821370685545e+00
5.146890953490039777e+00
5.153935594211467297e+00
5.160955035676414226e+00
5.168037261958607687e+00
5.175272726901969378e+00
5.182697778108516395e+00
5.190281704100597970e+00
5.197812651188101540e+00
5.205274320539587940e+00
5.212627999083405683e+00
5.219877827409129978e+00
5.227214582471444437e+00
5.234303458134186293e+00
5.241623796605393792e+00
5.248648689685449398e+00
5.255783570375502478e+00
5.262946166156447170e+00
5.270232521018273886e+00
5.277371252731749784e+00
5.284355104791484514e+00
5.291528934817410601e+00
5.298957315780811861e+00
5.306312393258143523e+00
5.313811723035675172e+00
5.321197576234970583e+00