10000.0 0.025873766134947428
20000.0 0.04051898179146106
30000.0 0.053174781125543434
40000.0 0.0648178850235952
50000.0 0.07583333008447517
60000.0 0.08642304832456459
70000.0 0.0966396372288586
80000.0 0.10650101037740066
90000.0 0.11610261557261134
100000.0 0.12554383996027293
110000.0 0.13484891970837928
120000.0 0.14404922002039333
130000.0 0.1531449466698023
140000.0 0.16198438701597964
150000.0 0.17074594832524545
160000.0 0.17933184213730932
170000.0 0.1879918796298431
180000.0 0.19653556767562666
190000.0 0.2050010128649348
200000.0 0.21353274703174097
210000.0 0.2220552635899038
220000.0 0.23029071933058912
230000.0 0.23858503773442447
240000.0 0.24674257304691186
250000.0 0.2549585414255022
260000.0 0.2632368279027175
270000.0 0.271424103628578
280000.0 0.2795761691283155
290000.0 0.28767745930407074
300000.0 0.29587371390535067
310000.0 0.3039121955570095
320000.0 0.31195823965801145
330000.0 0.3199625055675757
340000.0 0.32801382277316776
350000.0 0.335875010241267
360000.0 0.3438223803665959
370000.0 0.35166695697596045
380000.0 0.3594274594543996
390000.0 0.36697007506104734
400000.0 0.3745808328320765
410000.0 0.3822965848424481
420000.0 0.3900172291552437
430000.0 0.39775945531896856
440000.0 0.4053763903012166
450000.0 0.4130394540801286
460000.0 0.4206365847719566
470000.0 0.42826287272172325
480000.0 0.43576994467216706
490000.0 0.4433362314281152
500000.0 0.4508636803361574
510000.0 0.45845365722915077
520000.0 0.4659052408458336
530000.0 0.4734357373833934
540000.0 0.4808548366974299
550000.0 0.4881636145084557
560000.0 0.4956214963301433
570000.0 0.5031108640107159
580000.0 0.5105791119380916
590000.0 0.5179962791329832
600000.0 0.525352958789906
610000.0 0.5325616776103572
620000.0 0.539863133298954
630000.0 0.5471639337655564
640000.0 0.5545252169110872
650000.0 0.5617229935676126
660000.0 0.5687114974974269
670000.0 0.5757532828418788
680000.0 0.5826744695436034
690000.0 0.589617281614978
700000.0 0.5967063080450404
710000.0 0.6037981584526302
720000.0 0.610797527886108
730000.0 0.617677493251629
740000.0 0.6247061784513487
750000.0 0.6318292164559696
760000.0 0.63884581040643
770000.0 0.6458752676924373
780000.0 0.6529560151393046
790000.0 0.6599064435491738
800000.0 0.6669953144933964
810000.0 0.6739140886384973
820000.0 0.6808993535033089
830000.0 0.6878276411253338
840000.0 0.6945742287297416
850000.0 0.7013027419122949
860000.0 0.7080374909172403
870000.0 0.7148711526736337
880000.0 0.7216515347702009
890000.0 0.7284397612562048
900000.0 0.7352539616774512
910000.0 0.7419973585343912
920000.0 0.7486431617358703
930000.0 0.7553661851810194
940000.0 0.762115293051521
950000.0 0.7688688998466628
960000.0 0.7755107665072125
970000.0 0.782182296508019
980000.0 0.7888642060425016
990000.0 0.7954870502948375
1000000.0 0.8019512057898008
1010000.0 0.8085524216733294
1020000.0 0.815155064894797
1030000.0 0.8218157985648592
1040000.0 0.8284743079984935
1050000.0 0.8350917497172644
1060000.0 0.8418130181277736
1070000.0 0.8484597956078395
1080000.0 0.8550444801065928
1090000.0 0.8617210111305512
1100000.0 0.8684215774968231
1110000.0 0.8751800663923567
1120000.0 0.8819678590488474
1130000.0 0.8887417957393875
1140000.0 0.895357962070887
1150000.0 0.9020399058906846
1160000.0 0.9086520378146373
1170000.0 0.915203059904412
1180000.0 0.9217935977110646
1190000.0 0.9283561268175848
1200000.0 0.9347894398515532
1210000.0 0.9412753307972029
1220000.0 0.9478493639409662
1230000.0 0.9543205150434233
1240000.0 0.9606979149423216
1250000.0 0.967236289049722
1260000.0 0.9737050272455589
1270000.0 0.9804437503517818
1280000.0 0.9868192678067291
1290000.0 0.9933057824677424
1300000.0 0.9996932106042714
1310000.0 1.0062407962370663
1320000.0 1.01269543050114
1330000.0 1.0191263565720239
1340000.0 1.0255671340074237
1350000.0 1.032049912846649
1360000.0 1.0385873465827569
1370000.0 1.0451256227649168
1380000.0 1.0517031932180514
1390000.0 1.0581887214874595
1400000.0 1.0647323965517344
1410000.0 1.0713510819038412
1420000.0 1.0777583266286193
1430000.0 1.0841956016764251
1440000.0 1.090672580389981
1450000.0 1.097027038093915
1460000.0 1.1033591184976381
1470000.0 1.1096793477665707
1480000.0 1.1159863401325274
1490000.0 1.122169270354056
1500000.0 1.1284116107160262
1510000.0 1.1347220162232412
1520000.0 1.1409593477430933
1530000.0 1.1472229411405774
1540000.0 1.1534304532218733
1550000.0 1.1596085749810117
1560000.0 1.1656956680361257
1570000.0 1.1718780541365
1580000.0 1.1779222936333542
1590000.0 1.183971578658132
1600000.0 1.1900960424642444
1610000.0 1.1962855383488888
1620000.0 1.2024324294554296
1630000.0 1.2086877120306143
1640000.0 1.2148515557867068
1650000.0 1.2209396551623912
1660000.0 1.2270758960400676
1670000.0 1.2332553650702287
1680000.0 1.239365280592174
1690000.0 1.2456220771428876
1700000.0 1.2518884427403787
1710000.0 1.2580372999296576
1720000.0 1.264268032743666
1730000.0 1.2704404177096884
1740000.0 1.276530560172515
1750000.0 1.2826203983264253
1760000.0 1.2887029134352626
1770000.0 1.294880657912034
1780000.0 1.300930876963169
1790000.0 1.3070337221344333
1800000.0 1.3130497479736503
1810000.0 1.3190545767964812
1820000.0 1.3251270892901608
1830000.0 1.3311520276447126
1840000.0 1.33732505264874
1850000.0 1.3433143519803081
1860000.0 1.3494164030560807
1870000.0 1.355447427396791
1880000.0 1.3616740734843271
1890000.0 1.3678937743078503
1900000.0 1.3742018858345344
1910000.0 1.3803193918658556
1920000.0 1.3864439709031424
1930000.0 1.3926078601491418
1940000.0 1.3988881353994969
1950000.0 1.4051814781195737
1960000.0 1.411390055012584
1970000.0 1.4175617800559726
1980000.0 1.4237404150596915
1990000.0 1.4299505630570093
2000000.0 1.4361930038829025
2010000.0 1.442380154545349
2020000.0 1.4485431622427603
2030000.0 1.4547964307341816
2040000.0 1.4610763886442726
2050000.0 1.467282223288408
2060000.0 1.4734651678898316
2070000.0 1.4797633419448462
2080000.0 1.486053783378393
2090000.0 1.4923622335706734
2100000.0 1.4985068523854057
2110000.0 1.5046764618351902
2120000.0 1.5108779984921057
2130000.0 1.517059608349569
2140000.0 1.5233524025202474
2150000.0 1.5295070911878397
2160000.0 1.5355709725362758
2170000.0 1.541643379098177
2180000.0 1.5476805756559215
2190000.0 1.5536814463113047
2200000.0 1.559756265612256
2210000.0 1.5655886024310126
2220000.0 1.5716302377901883
2230000.0 1.5775869712309865
2240000.0 1.5834737119285351
2250000.0 1.5894991876461808
2260000.0 1.5955115385835446
2270000.0 1.6016010088986607
2280000.0 1.60767878900023
2290000.0 1.6136206060022416
2300000.0 1.619492686810634
2310000.0 1.6252854854017242
2320000.0 1.6311620741897526
2330000.0 1.6371038774682791
2340000.0 1.6431243864558045
2350000.0 1.6489618403123352
2360000.0 1.6550587181949858
2370000.0 1.6610386654906002
2380000.0 1.667053058188895
2390000.0 1.6731113666564528
2400000.0 1.6791819666310932
2410000.0 1.6851428705653995
2420000.0 1.6910956318465475
2430000.0 1.697098861376262
2440000.0 1.7032372973494143
2450000.0 1.7091765191032282
2460000.0 1.715192838031696
2470000.0 1.721159529948403
2480000.0 1.7271640053509933
2490000.0 1.7332701425385788
2500000.0 1.7392559999082968
2510000.0 1.7452691630281127
2520000.0 1.7514009291323007
2530000.0 1.7574897784799208
2540000.0 1.7636327561533278
2550000.0 1.7698116319604424
2560000.0 1.7757522542245905
2570000.0 1.7817717360539487
2580000.0 1.787740596174548
2590000.0 1.793685338315009
2600000.0 1.7994891513512201
2610000.0 1.805400423332898
2620000.0 1.8113001583339488
2630000.0 1.8173161709537742
2640000.0 1.8232763191655907
2650000.0 1.8291935116607496
2660000.0 1.8351951474455763
2670000.0 1.8411264567683485
2680000.0 1.8469403516632923
2690000.0 1.8528958771600228
2700000.0 1.8587517522426762
2710000.0 1.8645774426437487
2720000.0 1.870363835933974
2730000.0 1.876110236232829
2740000.0 1.881805275058571
2750000.0 1.8875228948275444
2760000.0 1.893374569428265
2770000.0 1.8991298133933718
2780000.0 1.904987177030882
2790000.0 1.9107009562502009
2800000.0 1.91656710221497
2810000.0 1.9223156832356512
2820000.0 1.9281181246982262
2830000.0 1.9339906379348937
2840000.0 1.93989921544319
2850000.0 1.9458267201568198
2860000.0 1.9518089002673225
2870000.0 1.9577790057732325
2880000.0 1.9637794018744104
2890000.0 1.9697208229662255
2900000.0 1.9756505960193174
2910000.0 1.9816899763941997
2920000.0 1.9875668182517887
2930000.0 1.9934050623237498
2940000.0 1.999288318567915
2950000.0 2.0052199903953287
2960000.0 2.0111083868770447
2970000.0 2.0169989554711116
2980000.0 2.0228431429119555
2990000.0 2.028744109439897
3000000.0 2.0347530197505965
3010000.0 2.0405735138158234
3020000.0 2.0464575582089504
3030000.0 2.052355896448797
3040000.0 2.058368821216345
3050000.0 2.0643186411258028
3060000.0 2.0703285196343177
3070000.0 2.076357839808183
3080000.0 2.0824941946929556
3090000.0 2.0884660039978775
3100000.0 2.094572277606343
3110000.0 2.10057896811342
3120000.0 2.106666536649549
3130000.0 2.1126368827884057
3140000.0 2.1186165326952904
3150000.0 2.1245996399314473
3160000.0 2.1304741556890803
3170000.0 2.1363261734206174
3180000.0 2.142000710071812
3190000.0 2.1477839973330988
3200000.0 2.1535194014882895
3210000.0 2.1593296893908454
3220000.0 2.165152958991448
3230000.0 2.171033159485295
3240000.0 2.1768814057574186
3250000.0 2.1827843055852743
3260000.0 2.188651356049497
3270000.0 2.1945435230519257
3280000.0 2.200480056730788
3290000.0 2.2064377143952707
3300000.0 2.2122705550986623
3310000.0 2.218050440754283
3320000.0 2.2236587682323297
3330000.0 2.229399420533067
3340000.0 2.2352248387451574
3350000.0 2.241211463543077
3360000.0 2.2470668978812602
3370000.0 2.252938626870393
3380000.0 2.258742637250734
3390000.0 2.2647198754446007
3400000.0 2.2706201744694274
3410000.0 2.2766932100645723
3420000.0 2.2826711025557898
3430000.0 2.28848795000794
3440000.0 2.2944640557652556
3450000.0 2.3003212778345508
3460000.0 2.306184531723574
3470000.0 2.3119098041152593
3480000.0 2.317727975347571
3490000.0 2.323328427923473
3500000.0 2.3290296564884527
3510000.0 2.3346712395620632
3520000.0 2.3404233029433157
3530000.0 2.346201107755072
3540000.0 2.3519822271814936
3550000.0 2.35786677527204
3560000.0 2.363684774202787
3570000.0 2.3694558607658744
3580000.0 2.3753114554966253
3590000.0 2.381264378931457
3600000.0 2.3872577333782368
3610000.0 2.3932184187830994
3620000.0 2.3991443399645838
3630000.0 2.405007296677799
3640000.0 2.4109159011144725
3650000.0 2.4168906356757733
3660000.0 2.4227737339196267
3670000.0 2.42864106643195
3680000.0 2.4345041233713927
3690000.0 2.440375371696856
3700000.0 2.446189387308919
3710000.0 2.4519292628740867
3720000.0 2.4578312510578715
3730000.0 2.463848935706206
3740000.0 2.4697731074658864
3750000.0 2.47565751613629
3760000.0 2.481642619404353
3770000.0 2.4874294051402317
3780000.0 2.4932472291953656
3790000.0 2.4990600966804712
3800000.0 2.504774806530389
3810000.0 2.510717596162042
3820000.0 2.5165940088155963
3830000.0 2.5226272208804095
3840000.0 2.5285105190274404
3850000.0 2.534494078400842
3860000.0 2.540427788264062
3870000.0 2.546331991695591
3880000.0 2.5522359110894004
3890000.0 2.558081774025018
3900000.0 2.5638524038009556
3910000.0 2.5696887225178875
3920000.0 2.5756154862539624
3930000.0 2.5814222435911947
3940000.0 2.5871760002594577
3950000.0 2.592976090782582
3960000.0 2.5988357553746937
3970000.0 2.6046880689182146
3980000.0 2.6105454708435785
3990000.0 2.6163507679029356
4000000.0 2.6222644261249766
4010000.0 2.6280086620920584
4020000.0 2.6338542676759267
4030000.0 2.639782938400479
4040000.0 2.6457581308355347
4050000.0 2.651653268485714
4060000.0 2.6575676825586982
4070000.0 2.6635286726500134
4080000.0 2.6693468136185254
4090000.0 2.6751778802724018
4100000.0 2.681077333237978
4110000.0 2.6870516552741557
4120000.0 2.692825820936707
4130000.0 2.698620722808184
4140000.0 2.704507943800162
4150000.0 2.7104099234311008
4160000.0 2.716281327754822
4170000.0 2.722315519984412
4180000.0 2.7281983628187123
4190000.0 2.734108451688678
4200000.0 2.7400143121008016
4210000.0 2.745709139424429
4220000.0 2.7515699594072376
4230000.0 2.75761752768222
4240000.0 2.7634735847480845
4250000.0 2.7693666603637417
4260000.0 2.775252167474408
4270000.0 2.7810733083117007
4280000.0 2.7869930169988453
4290000.0 2.7929884854545604
4300000.0 2.798987262333642
4310000.0 2.8050218018080146
4320000.0 2.8111271274997844
4330000.0 2.817057822776982
4340000.0 2.8228973106001933
4350000.0 2.828770359756825
4360000.0 2.8345959390377584
4370000.0 2.8403471532755575
4380000.0 2.8460558143727748
4390000.0 2.8518784036471443
4400000.0 2.857712747325626
4410000.0 2.8635466160432843
4420000.0 2.8693977181383703
4430000.0 2.8752640626409933
4440000.0 2.881245853473885
4450000.0 2.8870843608772705
4460000.0 2.892913178981958
4470000.0 2.8987834125393888
4480000.0 2.9044794815894552
4490000.0 2.910302330283731
4500000.0 2.916044218422017
4510000.0 2.9218723223496017
4520000.0 2.927744497446588
4530000.0 2.933584649590381
4540000.0 2.93940297695983
4550000.0 2.9452308364293383
4560000.0 2.9509637087813547
4570000.0 2.9567174110635936
4580000.0 2.96267465431163
4590000.0 2.9685180060439134
4600000.0 2.9742350407421903
4610000.0 2.9801036725182057
4620000.0 2.985984548948426
4630000.0 2.99180769778942
4640000.0 2.997531491079094
4650000.0 3.0032406711860076
4660000.0 3.0089491322479813
4670000.0 3.014580120058556
4680000.0 3.020261757413384
4690000.0 3.0261226989660464
4700000.0 3.031898107928207
4710000.0 3.037599011718107
4720000.0 3.043327386387616
4730000.0 3.0490030547069114
4740000.0 3.0547603476780454
4750000.0 3.0605393616328707
4760000.0 3.0663602067819133
4770000.0 3.072245279746671
4780000.0 3.0779048123237596
4790000.0 3.083682138679961
4800000.0 3.0894015183451033
4810000.0 3.095160829539268
4820000.0 3.1009255760145384
4830000.0 3.1066651217481343
4840000.0 3.112535423854604
4850000.0 3.118336645661473
4860000.0 3.124066859851027
4870000.0 3.129858141644059
4880000.0 3.1357232930500873
4890000.0 3.141547558058435
4900000.0 3.147333025489068
4910000.0 3.153197290008088
4920000.0 3.158999792681247
4930000.0 3.164708677311955
4940000.0 3.170395461138088
4950000.0 3.176129664266226
4960000.0 3.1817602089663795
4970000.0 3.1872963380237644
4980000.0 3.1928657652232504
4990000.0 3.1986013757510574
5000000.0 3.2042852020439803
5010000.0 3.2099793081644883
5020000.0 3.2154914647457495
5030000.0 3.22100872588425
5040000.0 3.226583121863627
5050000.0 3.232221841769651
5060000.0 3.2378948411466317
5070000.0 3.2436089476568943
5080000.0 3.2492246505584474
5090000.0 3.2549599463205086
5100000.0 3.2608978722643656
5110000.0 3.26667920874182
5120000.0 3.2723739359679618
5130000.0 3.2781308828179214
5140000.0 3.283691614338475
5150000.0 3.2892786045661264
5160000.0 3.2949443352044954
5170000.0 3.3006765358782646
5180000.0 3.3062787923993624
5190000.0 3.3119077783452155
5200000.0 3.317507758934106
5210000.0 3.3231903002955336
5220000.0 3.328756702540094
5230000.0 3.3342270133074887
5240000.0 3.339607699469137
5250000.0 3.345196933704343
5260000.0 3.3506454332826396
5270000.0 3.356203805228819
5280000.0 3.361794223807952
5290000.0 3.367497885837552
5300000.0 3.373020392257169
5310000.0 3.3786058472318934
5320000.0 3.3842371258368975
5330000.0 3.389919488948538
5340000.0 3.395608029890853
5350000.0 3.401139217234821
5360000.0 3.4068399907960574
5370000.0 3.412475023576702
5380000.0 3.4182739641304143
5390000.0 3.4241282464150005
5400000.0 3.4299523897972812
5410000.0 3.4357868632962503
5420000.0 3.4417532636340553
5430000.0 3.447579503776928
5440000.0 3.453436901493729
5450000.0 3.4592768241215817
5460000.0 3.465181987861009
5470000.0 3.4710484662455743
5480000.0 3.476728975426801
5490000.0 3.4824835566584253
5500000.0 3.4881995135642354
5510000.0 3.4939082073445813
5520000.0 3.49954929181436
5530000.0 3.505281084109976
5540000.0 3.511007882400245
5550000.0 3.516840706413686
5560000.0 3.522498081405872
5570000.0 3.5282391211559396
5580000.0 3.5337972193107903
5590000.0 3.5394561732126975
5600000.0 3.545143787029633
5610000.0 3.5507357911553763
5620000.0 3.5562980954674726
5630000.0 3.561908457856358
5640000.0 3.5675800327862466
5650000.0 3.5733487017860677
5660000.0 3.578996391756122
5670000.0 3.5847029860115405
5680000.0 3.5903799354353274
5690000.0 3.596053365648294
5700000.0 3.601772851106871
5710000.0 3.6074422861209365
5720000.0 3.613162307499117
5730000.0 3.618839249490675
5740000.0 3.6246302821035665
5750000.0 3.6302231975339887
5760000.0 3.6357841759322693
5770000.0 3.6414412605285964
5780000.0 3.6470953435761033
5790000.0 3.6526038112942847
5800000.0 3.658411862077781
5810000.0 3.664069906444926
5820000.0 3.669888031829245
5830000.0 3.6755679826237397
5840000.0 3.681267162513135
5850000.0 3.686917442767866
5860000.0 3.692837403008611
5870000.0 3.698812928283977
5880000.0 3.7046901117453737
5890000.0 3.710567828495904
5900000.0 3.7165680967247754
5910000.0 3.7224736176445146
5920000.0 3.728364279208441
5930000.0 3.7342475098134504
5940000.0 3.740087787075377
5950000.0 3.745968794147215
5960000.0 3.7518721038529046
5970000.0 3.75760105098855
5980000.0 3.7633475006068724
5990000.0 3.7692332189669187
6000000.0 3.774939422714341
6010000.0 3.7806851949723983
6020000.0 3.7864212795726404
6030000.0 3.7922233649246406
6040000.0 3.798141530027946
6050000.0 3.804030462866635
6060000.0 3.809885178996618
6070000.0 3.8158216851866618
6080000.0 3.8216920312514358
6090000.0 3.8276238987971154
6100000.0 3.8335445520720506
6110000.0 3.8394521952508507
6120000.0 3.8454665735364273
6130000.0 3.8513915548715087
6140000.0 3.857175242558952
6150000.0 3.8630163081342794
6160000.0 3.8689151324171687
6170000.0 3.874744016678043
6180000.0 3.880739102515591
6190000.0 3.8864978163807535
6200000.0 3.892202746858591
6210000.0 3.897907720175217
6220000.0 3.903551063098145
6230000.0 3.909195009713304
6240000.0 3.914816804606827
6250000.0 3.9204628307122302
6260000.0 3.9260521605847614
6270000.0 3.931585172114596
6280000.0 3.9372660564199666
6290000.0 3.942899185890601
6300000.0 3.9485535980738042
6310000.0 3.954151383992183
6320000.0 3.959691518475319
6330000.0 3.9654065411350086
6340000.0 3.9712282761946995
6350000.0 3.9770673326068477
6360000.0 3.9827662044355754
6370000.0 3.9884021643006298
6380000.0 3.9940454469030278
6390000.0 3.99958756943669
6400000.0 4.005270171811136
6410000.0 4.010778789704793
6420000.0 4.016239730337835
6430000.0 4.021778401648571
6440000.0 4.027300961531236
6450000.0 4.0326899623955
6460000.0 4.038128505068814
6470000.0 4.043467076069304
6480000.0 4.048891852536751
6490000.0 4.054475347682838
6500000.0 4.059945061834529
6510000.0 4.065471164212143
6520000.0 4.071043355713027
6530000.0 4.076518169748551
6540000.0 4.082051789792886
6550000.0 4.087439204079114
6560000.0 4.09283380670926
6570000.0 4.09836556016757
6580000.0 4.103905628142978
6590000.0 4.109282283809885
6600000.0 4.114553833780077
6610000.0 4.119995722724409
6620000.0 4.125395615194516
6630000.0 4.130876632480883
6640000.0 4.136193600080902
6650000.0 4.141426228831263
6660000.0 4.146614244377901
6670000.0 4.151684788932792
6680000.0 4.156838000409438
6690000.0 4.16190743344534
6700000.0 4.167161868432875
6710000.0 4.172461021212949
6720000.0 4.1776157316320335
6730000.0 4.182941441197234
6740000.0 4.188436187432101
6750000.0 4.193709301956859
6760000.0 4.198904064173754
6770000.0 4.204018551660619
6780000.0 4.209264093149215
6790000.0 4.214444370830752
6800000.0 4.219681186316705
6810000.0 4.224722973560176
6820000.0 4.229939158552925
6830000.0 4.235001284058985
6840000.0 4.2399901853093045
6850000.0 4.245276427640114
6860000.0 4.250565244403436
6870000.0 4.2558088656586825
6880000.0 4.261090595624951
6890000.0 4.266354180057339
6900000.0 4.27165856231259
6910000.0 4.276927653012806
6920000.0 4.282234496129471
6930000.0 4.287625173291818
6940000.0 4.292982020034207
6950000.0 4.298284378917864
6960000.0 4.303455675855646
6970000.0 4.308647896809119
6980000.0 4.31394078473621
6990000.0 4.319255506038144
7000000.0 4.324678501024895
7010000.0 4.330017939527502
7020000.0 4.335395057986059
7030000.0 4.340786789863298
7040000.0 4.346227273716928
7050000.0 4.351562328638119
7060000.0 4.357013039554707
7070000.0 4.362499665862194
7080000.0 4.367904898239795
7090000.0 4.373358824066138
7100000.0 4.37885567793777
7110000.0 4.384394510033727
7120000.0 4.389785271831465
7130000.0 4.395205492346777
7140000.0 4.400735476962179
7150000.0 4.405962862589458
7160000.0 4.411223649233832
7170000.0 4.416537677890402
7180000.0 4.421702775307875
7190000.0 4.427081844440764
7200000.0 4.432388541540416
7210000.0 4.4377235389364795
7220000.0 4.443064378517984
7230000.0 4.448380699874756
7240000.0 4.45371231695068
7250000.0 4.4590245746576755
7260000.0 4.464408239682261
7270000.0 4.46985954411629
7280000.0 4.475383822872643
7290000.0 4.4810115482027895
7300000.0 4.48666190612323
7310000.0 4.492290668260528
7320000.0 4.497873558810999
7330000.0 4.503407437055312
7340000.0 4.509030309805749
7350000.0 4.514486081629659
7360000.0 4.520121963407208
7370000.0 4.52544034332549
7380000.0 4.530817709522231
7390000.0 4.5363108121379945
7400000.0 4.541873535210696
7410000.0 4.547292548002631
7420000.0 4.552649102159238
7430000.0 4.558059331647248
7440000.0 4.56364078062474
7450000.0 4.569129501444979
7460000.0 4.574787566736203
7470000.0 4.580412504663803
7480000.0 4.585910455588486
7490000.0 4.591428851651923